[20, 3, 20, 9, 7, 0, 2, 4, 6, 8, 1, 20, 5, 11, 10, 20, 20, 20, 12, 13]
[20, 11, 12, 0, 1, 7, 10, 13, 2, 20, 8, 6, 4, 3, 20, 9, 5, 20, 20, 20]
[20, 0, 1, 9, 20, 3, 2, 8, 7, 20, 20, 4, 6, 10, 11, 20, 5, 20, 12, 13]
[20, 5, 20, 9, 20, 3, 4, 6, 8, 20, 20, 2, 7, 10, 11, 20, 0, 1, 12, 13]
[9, 5, 20, 0, 1, 8, 6, 4, 2, 20, 7, 10, 11, 3, 20, 20, 12, 13, 20, 20]
[20, 5, 20, 0, 1, 7, 6, 4, 2, 20, 8, 10, 11, 3, 20, 9, 12, 13, 20, 20]
[20, 11, 10, 8, 7, 0, 12, 13, 6, 9, 1, 2, 4, 5, 20, 20, 3, 20, 20, 20]
[20, 5, 20, 9, 20, 3, 4, 6, 7, 20, 20, 2, 8, 10, 11, 20, 0, 1, 12, 13]
[20, 0, 1, 9, 20, 3, 2, 7, 8, 20, 20, 4, 6, 10, 11, 20, 5, 20, 12, 13]
[9, 11, 12, 0, 1, 8, 10, 13, 2, 20, 7, 6, 4, 3, 20, 20, 5, 20, 20, 20]
