[20, 20, 20, 20, 20, 20, 20, 3, 20, 1, 20, 20, 20, 2, 4, 20, 20, 20, 5, 0]
[20, 3, 20, 1, 20, 20, 20, 2, 5, 20, 20, 20, 4, 0, 20, 20, 20, 20, 20, 20]
[20, 20, 20, 20, 20, 1, 20, 3, 20, 20, 20, 5, 2, 20, 20, 20, 4, 0, 20, 20]
[1, 20, 20, 20, 20, 5, 4, 20, 20, 20, 0, 2, 3, 20, 20, 20, 20, 20, 20, 20]
[20, 0, 5, 1, 20, 3, 2, 4, 20, 20, 20, 20, 20, 20, 20, 20, 20, 20, 20, 20]
[20, 20, 20, 20, 20, 20, 20, 1, 20, 3, 20, 20, 20, 5, 2, 20, 20, 20, 0, 4]
[20, 3, 20, 20, 20, 4, 2, 20, 20, 20, 0, 5, 1, 20, 20, 20, 20, 20, 20, 20]
[20, 1, 20, 20, 20, 0, 5, 20, 20, 20, 4, 2, 3, 20, 20, 20, 20, 20, 20, 20]
[20, 20, 20, 20, 20, 20, 20, 20, 20, 20, 3, 0, 4, 20, 20, 1, 5, 2, 20, 20]
[20, 20, 20, 20, 20, 20, 20, 3, 20, 1, 20, 20, 20, 2, 0, 20, 20, 20, 4, 5]
[20, 1, 20, 3, 20, 4, 0, 20, 20, 20, 2, 5, 20, 20, 20, 20, 20, 20, 20, 20]
[20, 20, 20, 20, 3, 20, 20, 20, 20, 1, 20, 20, 20, 5, 0, 20, 20, 20, 4, 2]
[20, 5, 2, 3, 20, 20, 4, 0, 1, 20, 20, 20, 20, 20, 20, 20, 20, 20, 20, 20]
[20, 1, 20, 20, 20, 20, 20, 0, 4, 20, 20, 3, 2, 5, 20, 20, 20, 20, 20, 20]
[20, 20, 20, 20, 20, 20, 20, 3, 20, 1, 20, 20, 20, 2, 0, 20, 20, 20, 5, 4]
[20, 4, 0, 20, 20, 3, 2, 5, 1, 20, 20, 20, 20, 20, 20, 20, 20, 20, 20, 20]
[20, 20, 20, 20, 3, 20, 20, 20, 20, 1, 20, 20, 20, 4, 2, 20, 20, 20, 5, 0]
[20, 1, 20, 20, 20, 20, 20, 0, 4, 20, 20, 20, 5, 2, 3, 20, 20, 20, 20, 20]
[1, 3, 20, 20, 20, 0, 2, 20, 20, 20, 5, 4, 20, 20, 20, 20, 20, 20, 20, 20]
[20, 20, 20, 20, 20, 3, 20, 20, 20, 20, 20, 2, 4, 20, 20, 1, 0, 5, 20, 20]
[20, 20, 20, 3, 20, 20, 20, 4, 2, 20, 20, 20, 5, 0, 1, 20, 20, 20, 20, 20]
[3, 20, 20, 20, 20, 2, 4, 20, 20, 20, 0, 5, 1, 20, 20, 20, 20, 20, 20, 20]
[20, 20, 20, 1, 20, 20, 20, 5, 0, 20, 20, 20, 4, 2, 3, 20, 20, 20, 20, 20]
[20, 20, 20, 20, 20, 20, 20, 20, 20, 20, 3, 4, 5, 20, 20, 1, 0, 2, 20, 20]
[20, 0, 4, 20, 20, 1, 5, 2, 3, 20, 20, 20, 20, 20, 20, 20, 20, 20, 20, 20]
[20, 1, 20, 20, 20, 4, 5, 20, 20, 20, 0, 2, 3, 20, 20, 20, 20, 20, 20, 20]
[1, 3, 20, 20, 20, 0, 2, 20, 20, 20, 4, 5, 20, 20, 20, 20, 20, 20, 20, 20]
[20, 20, 20, 20, 20, 1, 20, 20, 20, 20, 20, 0, 4, 20, 20, 3, 2, 5, 20, 20]
[20, 20, 20, 20, 20, 20, 20, 3, 20, 1, 20, 20, 20, 2, 5, 20, 20, 20, 0, 4]
[20, 20, 20, 20, 20, 20, 20, 20, 20, 20, 3, 5, 4, 20, 20, 1, 0, 2, 20, 20]
[1, 3, 20, 20, 20, 5, 2, 20, 20, 20, 4, 0, 20, 20, 20, 20, 20, 20, 20, 20]
[20, 20, 20, 1, 20, 20, 20, 0, 5, 20, 20, 3, 2, 4, 20, 20, 20, 20, 20, 20]
[20, 3, 20, 1, 20, 20, 20, 2, 0, 20, 20, 20, 4, 5, 20, 20, 20, 20, 20, 20]
[1, 20, 20, 20, 20, 0, 4, 20, 20, 20, 5, 2, 3, 20, 20, 20, 20, 20, 20, 20]
[20, 20, 20, 1, 20, 20, 20, 5, 0, 20, 20, 3, 2, 4, 20, 20, 20, 20, 20, 20]
[20, 3, 20, 20, 20, 20, 20, 1, 20, 20, 20, 20, 20, 0, 4, 20, 20, 20, 2, 5]
[20, 1, 20, 3, 20, 20, 20, 5, 2, 20, 20, 20, 4, 0, 20, 20, 20, 20, 20, 20]
[20, 20, 20, 20, 3, 20, 20, 20, 20, 1, 20, 20, 20, 4, 2, 20, 20, 20, 0, 5]
[20, 4, 2, 3, 20, 20, 0, 5, 1, 20, 20, 20, 20, 20, 20, 20, 20, 20, 20, 20]
[20, 3, 20, 1, 20, 20, 20, 2, 0, 20, 20, 20, 5, 4, 20, 20, 20, 20, 20, 20]
[20, 0, 4, 20, 20, 3, 2, 5, 1, 20, 20, 20, 20, 20, 20, 20, 20, 20, 20, 20]
[20, 5, 4, 20, 20, 1, 0, 2, 3, 20, 20, 20, 20, 20, 20, 20, 20, 20, 20, 20]
[20, 20, 20, 1, 20, 20, 20, 0, 5, 20, 20, 20, 4, 2, 3, 20, 20, 20, 20, 20]
[20, 1, 20, 20, 20, 4, 0, 20, 20, 20, 5, 2, 3, 20, 20, 20, 20, 20, 20, 20]
[20, 3, 20, 20, 20, 20, 20, 1, 20, 20, 20, 20, 20, 5, 4, 20, 20, 20, 0, 2]
[20, 4, 5, 20, 20, 3, 2, 0, 1, 20, 20, 20, 20, 20, 20, 20, 20, 20, 20, 20]
[20, 1, 20, 3, 20, 0, 5, 20, 20, 20, 2, 4, 20, 20, 20, 20, 20, 20, 20, 20]
[20, 3, 20, 20, 20, 20, 20, 1, 20, 20, 20, 20, 20, 5, 4, 20, 20, 20, 2, 0]
[3, 1, 20, 20, 20, 2, 5, 20, 20, 20, 4, 0, 20, 20, 20, 20, 20, 20, 20, 20]
[20, 4, 5, 20, 20, 1, 0, 2, 3, 20, 20, 20, 20, 20, 20, 20, 20, 20, 20, 20]
[20, 1, 20, 3, 20, 20, 20, 5, 2, 20, 20, 20, 0, 4, 20, 20, 20, 20, 20, 20]
[3, 1, 20, 20, 20, 2, 5, 20, 20, 20, 0, 4, 20, 20, 20, 20, 20, 20, 20, 20]
[20, 20, 20, 20, 20, 20, 20, 3, 20, 1, 20, 20, 20, 2, 4, 20, 20, 20, 0, 5]
[3, 2, 4, 20, 20, 20, 0, 5, 1, 20, 20, 20, 20, 20, 20, 20, 20, 20, 20, 20]
[20, 20, 20, 20, 3, 20, 20, 20, 20, 1, 20, 20, 20, 4, 5, 20, 20, 20, 0, 2]
[20, 20, 20, 20, 3, 20, 20, 20, 20, 1, 20, 20, 20, 4, 5, 20, 20, 20, 2, 0]
[3, 2, 0, 20, 20, 20, 4, 5, 1, 20, 20, 20, 20, 20, 20, 20, 20, 20, 20, 20]
[20, 3, 20, 20, 20, 4, 2, 20, 20, 20, 5, 0, 1, 20, 20, 20, 20, 20, 20, 20]
[20, 20, 20, 20, 20, 1, 20, 20, 20, 20, 20, 5, 4, 20, 20, 3, 2, 0, 20, 20]
[20, 1, 20, 3, 20, 20, 20, 0, 2, 20, 20, 20, 5, 4, 20, 20, 20, 20, 20, 20]
[20, 20, 20, 20, 20, 20, 20, 1, 20, 20, 20, 5, 0, 20, 20, 3, 2, 4, 20, 20]
[20, 5, 0, 1, 20, 3, 2, 4, 20, 20, 20, 20, 20, 20, 20, 20, 20, 20, 20, 20]
[3, 2, 4, 20, 20, 20, 5, 0, 1, 20, 20, 20, 20, 20, 20, 20, 20, 20, 20, 20]
[3, 2, 0, 20, 20, 1, 5, 4, 20, 20, 20, 20, 20, 20, 20, 20, 20, 20, 20, 20]
[20, 20, 20, 20, 20, 20, 20, 1, 20, 20, 20, 4, 5, 20, 20, 3, 2, 0, 20, 20]
[20, 1, 20, 20, 20, 20, 20, 5, 4, 20, 20, 20, 0, 2, 3, 20, 20, 20, 20, 20]
[20, 20, 20, 1, 20, 20, 20, 4, 0, 20, 20, 20, 5, 2, 3, 20, 20, 20, 20, 20]
[20, 1, 20, 3, 20, 20, 20, 0, 2, 20, 20, 20, 4, 5, 20, 20, 20, 20, 20, 20]
[20, 5, 4, 20, 20, 3, 2, 0, 1, 20, 20, 20, 20, 20, 20, 20, 20, 20, 20, 20]
[20, 1, 20, 20, 20, 5, 0, 20, 20, 20, 4, 2, 3, 20, 20, 20, 20, 20, 20, 20]
[20, 20, 20, 3, 20, 20, 20, 4, 2, 20, 20, 20, 0, 5, 1, 20, 20, 20, 20, 20]
[20, 20, 20, 20, 3, 20, 20, 20, 20, 1, 20, 20, 20, 0, 5, 20, 20, 20, 2, 4]
[20, 20, 20, 20, 20, 20, 20, 3, 20, 20, 20, 5, 2, 20, 20, 1, 0, 4, 20, 20]
[3, 20, 20, 20, 20, 2, 4, 20, 20, 20, 5, 0, 1, 20, 20, 20, 20, 20, 20, 20]
[20, 3, 20, 20, 20, 20, 20, 1, 20, 20, 20, 20, 20, 0, 4, 20, 20, 20, 5, 2]
[20, 20, 20, 20, 20, 3, 20, 20, 20, 20, 20, 2, 0, 20, 20, 1, 5, 4, 20, 20]
[20, 3, 20, 1, 20, 20, 20, 2, 5, 20, 20, 20, 0, 4, 20, 20, 20, 20, 20, 20]
[20, 20, 20, 1, 20, 20, 20, 4, 0, 20, 20, 3, 2, 5, 20, 20, 20, 20, 20, 20]
[1, 3, 20, 20, 20, 5, 2, 20, 20, 20, 0, 4, 20, 20, 20, 20, 20, 20, 20, 20]
[20, 3, 20, 20, 20, 20, 20, 1, 20, 20, 20, 5, 0, 20, 20, 20, 4, 2, 20, 20]
[20, 5, 0, 1, 20, 20, 4, 2, 3, 20, 20, 20, 20, 20, 20, 20, 20, 20, 20, 20]
[20, 20, 20, 20, 20, 3, 20, 20, 20, 20, 20, 2, 4, 20, 20, 1, 5, 0, 20, 20]
[20, 4, 2, 3, 20, 20, 5, 0, 1, 20, 20, 20, 20, 20, 20, 20, 20, 20, 20, 20]
[3, 1, 20, 20, 20, 2, 0, 20, 20, 20, 5, 4, 20, 20, 20, 20, 20, 20, 20, 20]
[20, 20, 20, 20, 20, 20, 20, 3, 20, 20, 20, 0, 2, 20, 20, 1, 5, 4, 20, 20]
[3, 2, 5, 20, 20, 1, 0, 4, 20, 20, 20, 20, 20, 20, 20, 20, 20, 20, 20, 20]
[20, 20, 20, 20, 3, 20, 20, 20, 20, 1, 20, 20, 20, 4, 0, 20, 20, 20, 2, 5]
[20, 20, 20, 20, 20, 3, 20, 1, 20, 20, 20, 2, 0, 20, 20, 20, 4, 5, 20, 20]
[1, 20, 20, 3, 20, 0, 4, 20, 20, 20, 2, 5, 20, 20, 20, 20, 20, 20, 20, 20]
[1, 20, 20, 3, 20, 5, 4, 20, 20, 20, 2, 0, 20, 20, 20, 20, 20, 20, 20, 20]
[20, 20, 20, 20, 20, 1, 20, 3, 20, 20, 20, 0, 2, 20, 20, 20, 4, 5, 20, 20]
[20, 1, 20, 3, 20, 5, 0, 20, 20, 20, 2, 4, 20, 20, 20, 20, 20, 20, 20, 20]
[3, 1, 20, 20, 20, 2, 0, 20, 20, 20, 4, 5, 20, 20, 20, 20, 20, 20, 20, 20]
[20, 20, 20, 20, 20, 20, 20, 1, 20, 3, 20, 20, 20, 0, 2, 20, 20, 20, 5, 4]
[20, 20, 20, 20, 20, 20, 20, 3, 20, 20, 20, 4, 2, 20, 20, 1, 0, 5, 20, 20]
[20, 3, 20, 20, 20, 20, 20, 2, 4, 20, 20, 20, 5, 0, 1, 20, 20, 20, 20, 20]
[20, 20, 20, 20, 20, 20, 20, 3, 20, 20, 20, 4, 2, 20, 20, 1, 5, 0, 20, 20]
[3, 2, 5, 20, 20, 20, 4, 0, 1, 20, 20, 20, 20, 20, 20, 20, 20, 20, 20, 20]
[20, 1, 20, 3, 20, 4, 5, 20, 20, 20, 2, 0, 20, 20, 20, 20, 20, 20, 20, 20]
[20, 0, 2, 3, 20, 1, 5, 4, 20, 20, 20, 20, 20, 20, 20, 20, 20, 20, 20, 20]
[20, 20, 20, 20, 20, 20, 20, 1, 20, 3, 20, 20, 20, 0, 2, 20, 20, 20, 4, 5]
[20, 1, 20, 20, 20, 20, 20, 5, 4, 20, 20, 3, 2, 0, 20, 20, 20, 20, 20, 20]
[20, 3, 20, 20, 20, 20, 20, 1, 20, 20, 20, 0, 5, 20, 20, 20, 4, 2, 20, 20]
[20, 4, 0, 20, 20, 1, 5, 2, 3, 20, 20, 20, 20, 20, 20, 20, 20, 20, 20, 20]
[20, 0, 2, 3, 20, 20, 4, 5, 1, 20, 20, 20, 20, 20, 20, 20, 20, 20, 20, 20]
[20, 20, 20, 20, 20, 20, 20, 1, 20, 20, 20, 4, 0, 20, 20, 3, 2, 5, 20, 20]
[20, 20, 20, 20, 20, 20, 20, 3, 20, 1, 20, 20, 20, 2, 5, 20, 20, 20, 4, 0]
[20, 20, 20, 20, 3, 20, 20, 20, 20, 1, 20, 20, 20, 4, 0, 20, 20, 20, 5, 2]
[20, 20, 20, 1, 20, 20, 20, 4, 5, 20, 20, 3, 2, 0, 20, 20, 20, 20, 20, 20]
[20, 20, 20, 1, 20, 20, 20, 4, 5, 20, 20, 20, 0, 2, 3, 20, 20, 20, 20, 20]
[20, 0, 5, 1, 20, 20, 4, 2, 3, 20, 20, 20, 20, 20, 20, 20, 20, 20, 20, 20]
[20, 20, 20, 20, 20, 20, 20, 20, 20, 20, 3, 4, 0, 20, 20, 1, 5, 2, 20, 20]
[20, 20, 20, 20, 20, 20, 20, 1, 20, 3, 20, 20, 20, 5, 2, 20, 20, 20, 4, 0]
[20, 20, 20, 20, 20, 3, 20, 20, 20, 20, 20, 2, 5, 20, 20, 1, 0, 4, 20, 20]
[20, 20, 20, 20, 3, 20, 20, 20, 20, 1, 20, 20, 20, 5, 0, 20, 20, 20, 2, 4]
[20, 20, 20, 20, 20, 20, 20, 1, 20, 20, 20, 0, 5, 20, 20, 3, 2, 4, 20, 20]
[20, 20, 20, 20, 20, 3, 20, 1, 20, 20, 20, 2, 5, 20, 20, 20, 4, 0, 20, 20]
[20, 5, 2, 3, 20, 1, 0, 4, 20, 20, 20, 20, 20, 20, 20, 20, 20, 20, 20, 20]
[20, 3, 20, 20, 20, 20, 20, 2, 4, 20, 20, 20, 0, 5, 1, 20, 20, 20, 20, 20]
[20, 20, 20, 20, 3, 20, 20, 20, 20, 1, 20, 20, 20, 0, 5, 20, 20, 20, 4, 2]
