[2, 1, 20, 20, 20, 3, 4, 0, 20, 20, 20, 20, 20, 20, 20, 20, 20, 20, 20, 20]
[20, 20, 3, 2, 20, 20, 4, 20, 20, 20, 1, 0, 20, 20, 20, 20, 20, 20, 20, 20]
[3, 4, 20, 20, 20, 2, 1, 0, 20, 20, 20, 20, 20, 20, 20, 20, 20, 20, 20, 20]
[20, 20, 20, 20, 20, 20, 20, 20, 20, 20, 2, 1, 0, 20, 20, 3, 4, 20, 20, 20]
[20, 20, 20, 20, 20, 20, 20, 20, 20, 20, 3, 4, 0, 20, 20, 2, 1, 20, 20, 20]
[20, 20, 1, 2, 20, 20, 4, 0, 20, 20, 3, 20, 20, 20, 20, 20, 20, 20, 20, 20]
[20, 0, 1, 2, 20, 20, 4, 20, 20, 20, 3, 20, 20, 20, 20, 20, 20, 20, 20, 20]
[20, 20, 3, 2, 20, 0, 4, 20, 20, 20, 1, 20, 20, 20, 20, 20, 20, 20, 20, 20]
[20, 20, 4, 3, 20, 20, 0, 1, 2, 20, 20, 20, 20, 20, 20, 20, 20, 20, 20, 20]
[20, 20, 1, 2, 20, 20, 0, 4, 3, 20, 20, 20, 20, 20, 20, 20, 20, 20, 20, 20]
[20, 0, 1, 2, 20, 20, 20, 4, 3, 20, 20, 20, 20, 20, 20, 20, 20, 20, 20, 20]
[20, 0, 20, 20, 20, 20, 1, 4, 20, 20, 20, 2, 3, 20, 20, 20, 20, 20, 20, 20]
[20, 0, 4, 3, 20, 20, 20, 1, 2, 20, 20, 20, 20, 20, 20, 20, 20, 20, 20, 20]
[20, 0, 20, 20, 20, 20, 4, 1, 20, 20, 20, 3, 2, 20, 20, 20, 20, 20, 20, 20]
[20, 20, 20, 20, 20, 20, 20, 20, 2, 3, 20, 20, 20, 1, 4, 20, 20, 20, 0, 20]
[20, 20, 20, 20, 20, 20, 20, 20, 3, 2, 20, 20, 20, 4, 1, 20, 20, 20, 0, 20]
[20, 20, 20, 20, 20, 20, 3, 4, 0, 20, 20, 2, 1, 20, 20, 20, 20, 20, 20, 20]
[20, 20, 20, 20, 20, 20, 2, 1, 0, 20, 20, 3, 4, 20, 20, 20, 20, 20, 20, 20]
[20, 20, 20, 20, 20, 20, 2, 3, 20, 20, 20, 1, 4, 20, 20, 20, 20, 0, 20, 20]
[20, 20, 20, 20, 20, 20, 20, 20, 20, 20, 2, 1, 20, 20, 20, 3, 4, 0, 20, 20]
[20, 20, 20, 20, 20, 20, 3, 2, 20, 20, 20, 4, 1, 20, 20, 20, 20, 0, 20, 20]
[20, 20, 20, 20, 20, 20, 20, 20, 20, 20, 3, 4, 20, 20, 20, 2, 1, 0, 20, 20]
[2, 1, 0, 20, 20, 3, 4, 20, 20, 20, 20, 20, 20, 20, 20, 20, 20, 20, 20, 20]
[3, 4, 0, 20, 20, 2, 1, 20, 20, 20, 20, 20, 20, 20, 20, 20, 20, 20, 20, 20]
[20, 20, 0, 20, 20, 20, 1, 4, 20, 20, 20, 2, 3, 20, 20, 20, 20, 20, 20, 20]
[20, 20, 0, 20, 20, 20, 4, 1, 20, 20, 20, 3, 2, 20, 20, 20, 20, 20, 20, 20]
[20, 0, 4, 3, 20, 20, 1, 20, 20, 20, 2, 20, 20, 20, 20, 20, 20, 20, 20, 20]
[20, 20, 20, 20, 20, 20, 0, 20, 20, 20, 1, 4, 20, 20, 20, 2, 3, 20, 20, 20]
[20, 20, 20, 20, 20, 20, 0, 20, 20, 20, 4, 1, 20, 20, 20, 3, 2, 20, 20, 20]
[20, 20, 2, 3, 20, 0, 1, 20, 20, 20, 4, 20, 20, 20, 20, 20, 20, 20, 20, 20]
[20, 20, 20, 20, 20, 20, 20, 0, 4, 3, 20, 20, 20, 1, 2, 20, 20, 20, 20, 20]
[20, 20, 20, 20, 20, 20, 20, 0, 1, 2, 20, 20, 20, 4, 3, 20, 20, 20, 20, 20]
[20, 20, 2, 1, 0, 20, 20, 3, 4, 20, 20, 20, 20, 20, 20, 20, 20, 20, 20, 20]
[20, 20, 20, 20, 0, 20, 20, 20, 1, 4, 20, 20, 20, 2, 3, 20, 20, 20, 20, 20]
[20, 20, 20, 20, 0, 20, 20, 20, 4, 1, 20, 20, 20, 3, 2, 20, 20, 20, 20, 20]
[20, 20, 3, 4, 0, 20, 20, 2, 1, 20, 20, 20, 20, 20, 20, 20, 20, 20, 20, 20]
[20, 20, 20, 20, 20, 0, 1, 2, 20, 20, 20, 4, 3, 20, 20, 20, 20, 20, 20, 20]
[20, 20, 20, 20, 20, 20, 20, 20, 2, 3, 20, 20, 20, 1, 4, 20, 20, 20, 20, 0]
[20, 20, 20, 20, 20, 20, 20, 20, 3, 2, 20, 20, 20, 4, 1, 20, 20, 20, 20, 0]
[20, 20, 20, 20, 20, 0, 20, 20, 20, 20, 1, 4, 20, 20, 20, 2, 3, 20, 20, 20]
[20, 20, 20, 20, 20, 0, 4, 3, 20, 20, 20, 1, 2, 20, 20, 20, 20, 20, 20, 20]
[20, 20, 20, 20, 20, 0, 20, 20, 20, 20, 4, 1, 20, 20, 20, 3, 2, 20, 20, 20]
[20, 20, 20, 20, 20, 20, 2, 3, 20, 20, 20, 1, 4, 20, 20, 20, 0, 20, 20, 20]
[20, 20, 20, 20, 20, 20, 3, 2, 20, 20, 20, 4, 1, 20, 20, 20, 0, 20, 20, 20]
[20, 20, 2, 3, 20, 20, 20, 1, 4, 20, 20, 20, 20, 0, 20, 20, 20, 20, 20, 20]
[20, 20, 20, 20, 20, 20, 2, 1, 20, 20, 20, 3, 4, 0, 20, 20, 20, 20, 20, 20]
[20, 20, 3, 2, 20, 20, 20, 4, 1, 20, 20, 20, 20, 0, 20, 20, 20, 20, 20, 20]
[20, 20, 20, 20, 20, 20, 3, 4, 20, 20, 20, 2, 1, 0, 20, 20, 20, 20, 20, 20]
[20, 20, 2, 3, 20, 20, 1, 20, 20, 20, 4, 0, 20, 20, 20, 20, 20, 20, 20, 20]
[20, 20, 2, 3, 20, 20, 20, 1, 4, 20, 20, 20, 0, 20, 20, 20, 20, 20, 20, 20]
[20, 20, 3, 2, 20, 20, 20, 4, 1, 20, 20, 20, 0, 20, 20, 20, 20, 20, 20, 20]
[20, 20, 20, 20, 20, 20, 20, 20, 1, 2, 20, 20, 0, 4, 3, 20, 20, 20, 20, 20]
[20, 20, 20, 20, 20, 20, 20, 20, 4, 3, 20, 20, 0, 1, 2, 20, 20, 20, 20, 20]
[20, 20, 4, 3, 20, 20, 1, 0, 20, 20, 2, 20, 20, 20, 20, 20, 20, 20, 20, 20]
[2, 3, 20, 20, 20, 1, 4, 20, 20, 20, 20, 0, 20, 20, 20, 20, 20, 20, 20, 20]
[3, 2, 20, 20, 20, 4, 1, 20, 20, 20, 20, 0, 20, 20, 20, 20, 20, 20, 20, 20]
[2, 3, 20, 20, 20, 1, 4, 20, 20, 20, 0, 20, 20, 20, 20, 20, 20, 20, 20, 20]
[3, 2, 20, 20, 20, 4, 1, 20, 20, 20, 0, 20, 20, 20, 20, 20, 20, 20, 20, 20]
[20, 20, 20, 20, 20, 20, 1, 2, 20, 20, 0, 4, 3, 20, 20, 20, 20, 20, 20, 20]
[20, 20, 20, 20, 20, 20, 4, 3, 20, 20, 0, 1, 2, 20, 20, 20, 20, 20, 20, 20]
