[20, 20, 20, 1, 20, 20, 20, 3, 5, 20, 20, 20, 0, 6, 2, 20, 20, 20, 4, 20]
[4, 20, 20, 20, 20, 1, 20, 20, 20, 20, 20, 5, 3, 20, 20, 2, 6, 0, 20, 20]
[20, 20, 20, 20, 20, 20, 20, 2, 4, 1, 20, 20, 20, 6, 3, 20, 20, 20, 0, 5]
[20, 3, 0, 20, 20, 1, 5, 6, 2, 20, 20, 20, 4, 20, 20, 20, 20, 20, 20, 20]
[20, 20, 20, 20, 2, 20, 20, 20, 4, 1, 20, 20, 20, 0, 6, 20, 20, 20, 5, 3]
[20, 20, 20, 1, 20, 20, 20, 0, 5, 20, 20, 20, 3, 6, 2, 20, 20, 20, 4, 20]
[20, 1, 20, 2, 4, 20, 20, 5, 6, 20, 20, 20, 0, 3, 20, 20, 20, 20, 20, 20]
[4, 20, 20, 20, 20, 1, 20, 20, 20, 20, 20, 5, 0, 20, 20, 2, 6, 3, 20, 20]
[20, 3, 0, 20, 20, 2, 6, 5, 1, 20, 4, 20, 20, 20, 20, 20, 20, 20, 20, 20]
[2, 6, 3, 20, 20, 1, 5, 0, 4, 20, 20, 20, 20, 20, 20, 20, 20, 20, 20, 20]
[20, 0, 3, 20, 20, 2, 6, 5, 1, 20, 4, 20, 20, 20, 20, 20, 20, 20, 20, 20]
[20, 20, 20, 20, 2, 20, 20, 20, 4, 1, 20, 20, 20, 3, 6, 20, 20, 20, 5, 0]
[20, 20, 20, 20, 20, 20, 20, 2, 4, 20, 20, 0, 6, 20, 20, 1, 3, 5, 20, 20]
[20, 20, 20, 20, 20, 20, 20, 2, 4, 1, 20, 20, 20, 6, 0, 20, 20, 20, 3, 5]
[20, 2, 4, 1, 20, 20, 20, 6, 5, 20, 20, 20, 0, 3, 20, 20, 20, 20, 20, 20]
[20, 20, 20, 20, 20, 20, 20, 2, 4, 20, 20, 3, 6, 20, 20, 1, 0, 5, 20, 20]
[20, 0, 3, 20, 20, 1, 5, 6, 2, 20, 20, 20, 4, 20, 20, 20, 20, 20, 20, 20]
[2, 6, 0, 20, 20, 1, 5, 3, 4, 20, 20, 20, 20, 20, 20, 20, 20, 20, 20, 20]
[20, 20, 20, 20, 2, 20, 20, 20, 4, 1, 20, 20, 20, 3, 0, 20, 20, 20, 6, 5]
[20, 20, 20, 20, 20, 20, 20, 2, 4, 1, 20, 20, 20, 6, 3, 20, 20, 20, 5, 0]
[20, 4, 20, 20, 20, 20, 20, 1, 20, 20, 20, 3, 5, 20, 20, 2, 6, 0, 20, 20]
[20, 1, 20, 20, 20, 3, 5, 20, 20, 20, 0, 6, 2, 20, 20, 20, 4, 20, 20, 20]
[20, 20, 20, 20, 2, 20, 20, 20, 4, 1, 20, 20, 20, 0, 3, 20, 20, 20, 6, 5]
[20, 3, 6, 2, 20, 1, 5, 0, 4, 20, 20, 20, 20, 20, 20, 20, 20, 20, 20, 20]
[2, 20, 20, 20, 20, 1, 4, 20, 20, 20, 20, 5, 0, 20, 20, 20, 3, 6, 20, 20]
[20, 4, 20, 20, 20, 20, 20, 1, 20, 20, 20, 0, 5, 20, 20, 2, 6, 3, 20, 20]
[2, 6, 3, 4, 20, 20, 0, 5, 1, 20, 20, 20, 20, 20, 20, 20, 20, 20, 20, 20]
[20, 0, 6, 2, 20, 1, 5, 3, 4, 20, 20, 20, 20, 20, 20, 20, 20, 20, 20, 20]
[1, 2, 4, 20, 20, 5, 6, 20, 20, 20, 0, 3, 20, 20, 20, 20, 20, 20, 20, 20]
[20, 20, 20, 20, 2, 20, 20, 20, 4, 1, 20, 20, 20, 3, 0, 20, 20, 20, 5, 6]
[20, 1, 20, 20, 20, 0, 5, 20, 20, 20, 3, 6, 2, 20, 20, 20, 4, 20, 20, 20]
[2, 20, 20, 20, 20, 1, 4, 20, 20, 20, 20, 5, 3, 20, 20, 20, 0, 6, 20, 20]
[20, 20, 20, 20, 2, 20, 20, 20, 4, 1, 20, 20, 20, 0, 3, 20, 20, 20, 5, 6]
[20, 2, 4, 1, 20, 20, 20, 6, 5, 20, 20, 20, 3, 0, 20, 20, 20, 20, 20, 20]
[20, 20, 20, 20, 20, 20, 20, 2, 4, 1, 20, 20, 20, 6, 0, 20, 20, 20, 5, 3]
[20, 1, 20, 2, 4, 20, 20, 5, 6, 20, 20, 20, 3, 0, 20, 20, 20, 20, 20, 20]
[2, 6, 0, 4, 20, 20, 3, 5, 1, 20, 20, 20, 20, 20, 20, 20, 20, 20, 20, 20]
[2, 1, 4, 20, 20, 6, 5, 20, 20, 20, 0, 3, 20, 20, 20, 20, 20, 20, 20, 20]
[1, 5, 3, 20, 20, 2, 6, 0, 20, 20, 4, 20, 20, 20, 20, 20, 20, 20, 20, 20]
[20, 20, 20, 20, 20, 2, 4, 1, 20, 20, 20, 6, 5, 20, 20, 20, 3, 0, 20, 20]
[20, 20, 20, 20, 20, 20, 20, 4, 20, 20, 2, 3, 0, 20, 20, 1, 5, 6, 20, 20]
[20, 20, 20, 20, 20, 1, 20, 2, 4, 20, 20, 5, 6, 20, 20, 20, 3, 0, 20, 20]
[20, 20, 20, 20, 20, 20, 20, 4, 20, 20, 2, 3, 0, 20, 20, 1, 6, 5, 20, 20]
[20, 20, 20, 2, 4, 20, 20, 3, 6, 20, 20, 20, 0, 5, 1, 20, 20, 20, 20, 20]
[20, 20, 20, 20, 2, 20, 20, 20, 4, 1, 20, 20, 20, 3, 5, 20, 20, 20, 6, 0]
[20, 20, 20, 20, 20, 20, 20, 4, 20, 20, 2, 0, 3, 20, 20, 1, 6, 5, 20, 20]
[20, 20, 20, 20, 20, 2, 4, 1, 20, 20, 20, 6, 5, 20, 20, 20, 0, 3, 20, 20]
[2, 4, 20, 1, 20, 6, 0, 20, 20, 20, 5, 3, 20, 20, 20, 20, 20, 20, 20, 20]
[20, 2, 4, 20, 20, 20, 20, 1, 20, 20, 20, 3, 5, 20, 20, 20, 0, 6, 20, 20]
[20, 20, 20, 20, 20, 2, 4, 20, 20, 20, 20, 6, 0, 20, 20, 1, 5, 3, 20, 20]
[20, 20, 20, 1, 20, 3, 0, 20, 20, 20, 5, 6, 2, 20, 20, 20, 4, 20, 20, 20]
[1, 2, 4, 20, 20, 5, 6, 20, 20, 20, 3, 0, 20, 20, 20, 20, 20, 20, 20, 20]
[20, 20, 20, 20, 20, 1, 20, 2, 4, 20, 20, 5, 6, 20, 20, 20, 0, 3, 20, 20]
[2, 1, 4, 20, 20, 6, 5, 20, 20, 20, 3, 0, 20, 20, 20, 20, 20, 20, 20, 20]
[20, 20, 20, 20, 20, 20, 20, 4, 20, 20, 2, 0, 3, 20, 20, 1, 5, 6, 20, 20]
[20, 20, 20, 2, 20, 3, 0, 20, 20, 20, 6, 5, 1, 20, 20, 4, 20, 20, 20, 20]
[20, 3, 6, 2, 4, 20, 0, 5, 1, 20, 20, 20, 20, 20, 20, 20, 20, 20, 20, 20]
[20, 20, 20, 1, 20, 20, 20, 3, 5, 20, 20, 2, 6, 0, 20, 20, 4, 20, 20, 20]
[20, 2, 4, 20, 20, 20, 20, 1, 20, 20, 20, 20, 20, 5, 3, 20, 20, 20, 0, 6]
[20, 1, 20, 2, 20, 0, 5, 20, 20, 20, 6, 3, 20, 20, 20, 4, 20, 20, 20, 20]
[20, 3, 5, 1, 20, 2, 6, 0, 20, 20, 4, 20, 20, 20, 20, 20, 20, 20, 20, 20]
[20, 1, 20, 20, 20, 20, 20, 5, 3, 20, 20, 20, 0, 6, 2, 20, 20, 20, 4, 20]
[20, 2, 4, 20, 20, 20, 20, 1, 20, 20, 20, 20, 20, 5, 3, 20, 20, 20, 6, 0]
[2, 4, 20, 20, 20, 6, 0, 20, 20, 20, 3, 5, 1, 20, 20, 20, 20, 20, 20, 20]
[20, 20, 20, 20, 20, 20, 20, 2, 4, 20, 20, 0, 6, 20, 20, 1, 5, 3, 20, 20]
[20, 20, 20, 20, 20, 2, 4, 20, 20, 20, 20, 6, 0, 20, 20, 1, 3, 5, 20, 20]
[20, 20, 20, 20, 2, 20, 20, 20, 4, 1, 20, 20, 20, 3, 6, 20, 20, 20, 0, 5]
[1, 5, 3, 20, 20, 20, 0, 6, 2, 20, 20, 20, 4, 20, 20, 20, 20, 20, 20, 20]
[20, 2, 4, 20, 20, 0, 6, 20, 20, 20, 3, 5, 1, 20, 20, 20, 20, 20, 20, 20]
[20, 1, 20, 20, 20, 20, 20, 5, 3, 20, 20, 2, 6, 0, 20, 20, 4, 20, 20, 20]
[20, 2, 4, 20, 20, 20, 20, 6, 0, 20, 20, 20, 3, 5, 1, 20, 20, 20, 20, 20]
[1, 5, 6, 2, 20, 20, 3, 0, 4, 20, 20, 20, 20, 20, 20, 20, 20, 20, 20, 20]
[20, 20, 20, 20, 20, 20, 20, 0, 3, 20, 20, 1, 5, 6, 2, 20, 20, 20, 4, 20]
[2, 6, 5, 1, 20, 20, 3, 0, 4, 20, 20, 20, 20, 20, 20, 20, 20, 20, 20, 20]
[2, 6, 5, 1, 20, 20, 0, 3, 4, 20, 20, 20, 20, 20, 20, 20, 20, 20, 20, 20]
[20, 3, 5, 1, 20, 20, 0, 6, 2, 20, 20, 20, 4, 20, 20, 20, 20, 20, 20, 20]
[1, 20, 20, 2, 20, 5, 3, 20, 20, 20, 6, 0, 20, 20, 20, 4, 20, 20, 20, 20]
[20, 20, 20, 20, 20, 20, 20, 0, 3, 20, 20, 2, 6, 5, 1, 20, 4, 20, 20, 20]
[20, 20, 20, 2, 4, 20, 20, 3, 6, 20, 20, 1, 5, 0, 20, 20, 20, 20, 20, 20]
[20, 0, 5, 1, 20, 20, 3, 6, 2, 20, 20, 20, 4, 20, 20, 20, 20, 20, 20, 20]
[1, 20, 20, 2, 20, 5, 0, 20, 20, 20, 6, 3, 20, 20, 20, 4, 20, 20, 20, 20]
[20, 2, 4, 1, 20, 0, 6, 20, 20, 20, 5, 3, 20, 20, 20, 20, 20, 20, 20, 20]
[1, 5, 6, 2, 20, 20, 0, 3, 4, 20, 20, 20, 20, 20, 20, 20, 20, 20, 20, 20]
[2, 4, 20, 20, 20, 6, 3, 20, 20, 20, 0, 5, 1, 20, 20, 20, 20, 20, 20, 20]
[20, 20, 20, 20, 20, 20, 20, 2, 4, 1, 20, 20, 20, 6, 5, 20, 20, 20, 3, 0]
[20, 2, 4, 20, 20, 20, 20, 6, 0, 20, 20, 1, 5, 3, 20, 20, 20, 20, 20, 20]
[20, 20, 20, 20, 20, 20, 20, 2, 4, 1, 20, 20, 20, 6, 5, 20, 20, 20, 0, 3]
[20, 20, 20, 20, 4, 20, 20, 1, 20, 2, 20, 20, 20, 5, 6, 20, 20, 20, 3, 0]
[20, 20, 20, 1, 20, 0, 3, 20, 20, 20, 5, 6, 2, 20, 20, 20, 4, 20, 20, 20]
[20, 20, 20, 2, 4, 20, 20, 0, 6, 20, 20, 1, 5, 3, 20, 20, 20, 20, 20, 20]
[20, 20, 20, 20, 2, 20, 20, 20, 4, 1, 20, 20, 20, 0, 5, 20, 20, 20, 3, 6]
[20, 20, 20, 20, 4, 20, 20, 1, 20, 2, 20, 20, 20, 5, 6, 20, 20, 20, 0, 3]
[1, 20, 20, 20, 20, 5, 0, 20, 20, 20, 3, 6, 2, 20, 20, 20, 4, 20, 20, 20]
[20, 20, 20, 20, 20, 20, 20, 3, 0, 20, 20, 2, 6, 5, 1, 20, 4, 20, 20, 20]
[20, 2, 4, 20, 20, 20, 20, 6, 3, 20, 20, 1, 5, 0, 20, 20, 20, 20, 20, 20]
[20, 1, 20, 2, 20, 3, 5, 20, 20, 20, 6, 0, 20, 20, 20, 4, 20, 20, 20, 20]
[20, 2, 4, 20, 20, 20, 20, 6, 3, 20, 20, 20, 0, 5, 1, 20, 20, 20, 20, 20]
[20, 20, 20, 20, 20, 20, 20, 3, 0, 20, 20, 1, 5, 6, 2, 20, 20, 20, 4, 20]
[20, 20, 20, 2, 20, 0, 3, 20, 20, 20, 6, 5, 1, 20, 20, 4, 20, 20, 20, 20]
[20, 20, 20, 20, 2, 20, 20, 20, 4, 1, 20, 20, 20, 3, 5, 20, 20, 20, 0, 6]
[20, 20, 20, 20, 2, 20, 20, 20, 4, 1, 20, 20, 20, 0, 5, 20, 20, 20, 6, 3]
[1, 20, 20, 20, 20, 5, 3, 20, 20, 20, 0, 6, 2, 20, 20, 20, 4, 20, 20, 20]
[20, 20, 20, 20, 20, 2, 4, 20, 20, 20, 20, 6, 3, 20, 20, 1, 5, 0, 20, 20]
[1, 5, 0, 20, 20, 2, 6, 3, 20, 20, 4, 20, 20, 20, 20, 20, 20, 20, 20, 20]
[20, 0, 6, 2, 4, 20, 3, 5, 1, 20, 20, 20, 20, 20, 20, 20, 20, 20, 20, 20]
[20, 2, 4, 20, 20, 20, 20, 1, 20, 20, 20, 20, 20, 5, 0, 20, 20, 20, 3, 6]
[20, 20, 20, 2, 4, 20, 20, 0, 6, 20, 20, 20, 3, 5, 1, 20, 20, 20, 20, 20]
[20, 2, 4, 20, 20, 20, 20, 1, 20, 20, 20, 0, 5, 20, 20, 20, 3, 6, 20, 20]
[20, 1, 20, 20, 20, 20, 20, 5, 0, 20, 20, 20, 3, 6, 2, 20, 20, 20, 4, 20]
[2, 4, 20, 1, 20, 6, 3, 20, 20, 20, 5, 0, 20, 20, 20, 20, 20, 20, 20, 20]
[20, 2, 4, 20, 20, 20, 20, 1, 20, 20, 20, 20, 20, 5, 0, 20, 20, 20, 6, 3]
[20, 20, 20, 20, 2, 20, 20, 20, 4, 1, 20, 20, 20, 0, 6, 20, 20, 20, 3, 5]
[1, 5, 0, 20, 20, 20, 3, 6, 2, 20, 20, 20, 4, 20, 20, 20, 20, 20, 20, 20]
[20, 20, 20, 20, 20, 20, 20, 2, 4, 20, 20, 3, 6, 20, 20, 1, 5, 0, 20, 20]
[20, 0, 5, 1, 20, 2, 6, 3, 20, 20, 4, 20, 20, 20, 20, 20, 20, 20, 20, 20]
[20, 20, 20, 20, 20, 2, 4, 20, 20, 20, 20, 6, 3, 20, 20, 1, 0, 5, 20, 20]
[20, 2, 4, 20, 20, 3, 6, 20, 20, 20, 0, 5, 1, 20, 20, 20, 20, 20, 20, 20]
[20, 2, 4, 1, 20, 3, 6, 20, 20, 20, 5, 0, 20, 20, 20, 20, 20, 20, 20, 20]
[20, 1, 20, 20, 20, 20, 20, 5, 0, 20, 20, 2, 6, 3, 20, 20, 4, 20, 20, 20]
[20, 20, 20, 1, 20, 20, 20, 0, 5, 20, 20, 2, 6, 3, 20, 20, 4, 20, 20, 20]
