[20, 7, 3, 6, 20, 0, 4, 5, 1, 20, 20, 20, 2, 20, 20, 20, 20, 20, 20, 20]
[6, 7, 4, 20, 20, 1, 5, 3, 0, 20, 2, 20, 20, 20, 20, 20, 20, 20, 20, 20]
[20, 4, 7, 6, 20, 0, 3, 5, 1, 20, 20, 20, 2, 20, 20, 20, 20, 20, 20, 20]
[20, 6, 20, 1, 2, 20, 20, 7, 5, 20, 20, 20, 4, 3, 0, 20, 20, 20, 20, 20]
[20, 1, 2, 6, 20, 20, 20, 0, 20, 20, 20, 4, 3, 20, 20, 20, 7, 5, 20, 20]
[20, 0, 20, 6, 20, 20, 20, 3, 7, 20, 20, 20, 4, 5, 1, 20, 20, 20, 2, 20]
[1, 2, 6, 20, 20, 5, 7, 20, 20, 20, 3, 4, 0, 20, 20, 20, 20, 20, 20, 20]
[20, 1, 2, 6, 20, 20, 20, 0, 20, 20, 20, 20, 20, 3, 7, 20, 20, 20, 5, 4]
[0, 1, 2, 6, 20, 3, 5, 20, 20, 20, 4, 7, 20, 20, 20, 20, 20, 20, 20, 20]
[1, 0, 2, 6, 20, 5, 4, 20, 20, 20, 3, 7, 20, 20, 20, 20, 20, 20, 20, 20]
[1, 5, 3, 2, 20, 6, 7, 4, 0, 20, 20, 20, 20, 20, 20, 20, 20, 20, 20, 20]
[20, 20, 20, 0, 20, 20, 20, 4, 3, 20, 20, 1, 5, 7, 20, 6, 2, 20, 20, 20]
[20, 20, 20, 20, 2, 20, 20, 0, 6, 1, 20, 20, 20, 4, 5, 20, 20, 20, 3, 7]
[0, 6, 20, 1, 20, 4, 7, 20, 20, 20, 5, 3, 20, 20, 20, 2, 20, 20, 20, 20]
[20, 2, 20, 20, 20, 20, 20, 0, 20, 20, 6, 7, 4, 20, 20, 1, 5, 3, 20, 20]
[20, 20, 20, 6, 20, 0, 20, 1, 2, 20, 20, 3, 5, 20, 20, 20, 7, 4, 20, 20]
[20, 20, 20, 6, 20, 20, 20, 1, 2, 20, 20, 7, 5, 20, 20, 0, 4, 3, 20, 20]
[20, 20, 20, 6, 1, 20, 20, 20, 2, 0, 20, 20, 20, 3, 4, 20, 20, 20, 5, 7]
[20, 6, 20, 20, 20, 20, 20, 2, 20, 20, 1, 7, 3, 20, 20, 0, 4, 5, 20, 20]
[1, 0, 2, 6, 20, 5, 3, 20, 20, 20, 7, 4, 20, 20, 20, 20, 20, 20, 20, 20]
[20, 6, 20, 0, 20, 20, 20, 7, 4, 20, 20, 20, 3, 5, 1, 20, 20, 20, 2, 20]
[6, 1, 2, 20, 20, 7, 5, 20, 20, 20, 3, 4, 0, 20, 20, 20, 20, 20, 20, 20]
[20, 6, 20, 0, 20, 20, 20, 7, 3, 20, 20, 1, 5, 4, 20, 20, 2, 20, 20, 20]
[20, 6, 20, 20, 20, 20, 20, 2, 20, 20, 1, 7, 4, 20, 20, 0, 3, 5, 20, 20]
[20, 6, 20, 20, 20, 1, 2, 0, 20, 20, 20, 5, 3, 20, 20, 20, 7, 4, 20, 20]
[20, 20, 20, 6, 20, 20, 20, 1, 2, 0, 20, 20, 20, 5, 3, 20, 20, 20, 4, 7]
[6, 0, 20, 20, 20, 7, 3, 20, 20, 20, 4, 5, 1, 20, 20, 20, 2, 20, 20, 20]
[20, 3, 5, 1, 6, 0, 4, 7, 2, 20, 20, 20, 20, 20, 20, 20, 20, 20, 20, 20]
[20, 7, 4, 6, 20, 0, 3, 5, 1, 20, 20, 20, 2, 20, 20, 20, 20, 20, 20, 20]
[20, 6, 20, 20, 20, 1, 2, 20, 20, 20, 20, 5, 7, 20, 20, 0, 4, 3, 20, 20]
[0, 6, 20, 1, 20, 3, 7, 20, 20, 20, 5, 4, 20, 20, 20, 2, 20, 20, 20, 20]
[20, 6, 20, 0, 20, 20, 20, 7, 4, 20, 20, 1, 5, 3, 20, 20, 2, 20, 20, 20]
[20, 6, 20, 0, 20, 20, 20, 7, 3, 20, 20, 20, 4, 5, 1, 20, 20, 20, 2, 20]
[0, 1, 2, 6, 20, 4, 5, 20, 20, 20, 3, 7, 20, 20, 20, 20, 20, 20, 20, 20]
[20, 4, 3, 0, 20, 1, 5, 7, 6, 20, 2, 20, 20, 20, 20, 20, 20, 20, 20, 20]
[20, 20, 20, 6, 20, 0, 20, 1, 2, 20, 20, 4, 5, 20, 20, 20, 7, 3, 20, 20]
[20, 20, 20, 6, 20, 20, 20, 1, 2, 0, 20, 20, 20, 5, 7, 20, 20, 20, 3, 4]
[1, 0, 2, 6, 20, 5, 4, 20, 20, 20, 7, 3, 20, 20, 20, 20, 20, 20, 20, 20]
[20, 7, 5, 1, 2, 20, 3, 4, 0, 6, 20, 20, 20, 20, 20, 20, 20, 20, 20, 20]
[20, 1, 2, 0, 20, 20, 6, 5, 3, 20, 20, 20, 7, 4, 20, 20, 20, 20, 20, 20]
[20, 0, 20, 6, 20, 20, 20, 4, 7, 20, 20, 20, 3, 5, 1, 20, 20, 20, 2, 20]
[20, 3, 7, 6, 20, 0, 4, 5, 1, 20, 20, 20, 2, 20, 20, 20, 20, 20, 20, 20]
[20, 0, 6, 1, 20, 3, 4, 20, 20, 20, 5, 7, 20, 20, 20, 2, 20, 20, 20, 20]
[20, 1, 2, 6, 20, 20, 20, 0, 20, 20, 20, 20, 20, 4, 7, 20, 20, 20, 5, 3]
[20, 20, 20, 20, 2, 20, 20, 0, 6, 1, 20, 20, 20, 3, 5, 20, 20, 20, 4, 7]
[20, 4, 3, 0, 6, 20, 7, 5, 1, 20, 20, 20, 2, 20, 20, 20, 20, 20, 20, 20]
[20, 3, 5, 1, 2, 6, 7, 4, 0, 20, 20, 20, 20, 20, 20, 20, 20, 20, 20, 20]
[20, 1, 2, 0, 20, 20, 6, 5, 4, 20, 20, 20, 3, 7, 20, 20, 20, 20, 20, 20]
[20, 20, 20, 6, 1, 20, 20, 20, 2, 0, 20, 20, 20, 7, 5, 20, 20, 20, 3, 4]
[1, 5, 7, 2, 6, 20, 3, 4, 0, 20, 20, 20, 20, 20, 20, 20, 20, 20, 20, 20]
[20, 0, 20, 6, 20, 20, 20, 4, 7, 20, 20, 1, 5, 3, 20, 20, 2, 20, 20, 20]
[20, 1, 2, 6, 20, 20, 20, 5, 7, 20, 20, 20, 3, 4, 0, 20, 20, 20, 20, 20]
[20, 20, 20, 0, 20, 20, 20, 4, 3, 20, 20, 20, 7, 5, 1, 20, 20, 20, 2, 6]
[20, 20, 20, 6, 1, 20, 20, 20, 2, 0, 20, 20, 20, 7, 3, 20, 20, 20, 4, 5]
[1, 0, 2, 6, 20, 5, 3, 20, 20, 20, 4, 7, 20, 20, 20, 20, 20, 20, 20, 20]
[6, 4, 7, 20, 20, 1, 5, 3, 0, 20, 2, 20, 20, 20, 20, 20, 20, 20, 20, 20]
[1, 5, 4, 6, 20, 0, 3, 7, 2, 20, 20, 20, 20, 20, 20, 20, 20, 20, 20, 20]
[20, 0, 20, 1, 2, 20, 20, 3, 5, 6, 20, 20, 7, 4, 20, 20, 20, 20, 20, 20]
[20, 1, 2, 0, 20, 20, 6, 5, 3, 20, 20, 20, 4, 7, 20, 20, 20, 20, 20, 20]
[1, 2, 6, 20, 20, 5, 7, 20, 20, 20, 4, 3, 0, 20, 20, 20, 20, 20, 20, 20]
[6, 0, 20, 1, 20, 7, 3, 20, 20, 20, 5, 4, 20, 20, 20, 2, 20, 20, 20, 20]
[20, 20, 20, 6, 1, 20, 20, 20, 2, 0, 20, 20, 20, 7, 4, 20, 20, 20, 5, 3]
[20, 1, 2, 6, 20, 20, 20, 0, 20, 20, 20, 3, 4, 20, 20, 20, 7, 5, 20, 20]
[20, 6, 20, 1, 2, 20, 20, 7, 5, 20, 20, 20, 3, 4, 0, 20, 20, 20, 20, 20]
[0, 1, 2, 6, 20, 4, 5, 20, 20, 20, 7, 3, 20, 20, 20, 20, 20, 20, 20, 20]
[2, 20, 20, 20, 20, 0, 20, 20, 20, 20, 6, 3, 7, 20, 20, 1, 5, 4, 20, 20]
[20, 3, 4, 0, 6, 20, 7, 5, 1, 20, 20, 20, 2, 20, 20, 20, 20, 20, 20, 20]
[20, 20, 20, 6, 20, 20, 20, 1, 2, 0, 20, 20, 20, 5, 4, 20, 20, 20, 3, 7]
[20, 4, 5, 1, 6, 0, 3, 7, 2, 20, 20, 20, 20, 20, 20, 20, 20, 20, 20, 20]
[20, 1, 2, 0, 20, 20, 6, 5, 4, 20, 20, 20, 7, 3, 20, 20, 20, 20, 20, 20]
[1, 5, 4, 2, 20, 6, 7, 3, 0, 20, 20, 20, 20, 20, 20, 20, 20, 20, 20, 20]
[6, 1, 2, 20, 20, 7, 5, 20, 20, 20, 4, 3, 0, 20, 20, 20, 20, 20, 20, 20]
[20, 0, 20, 1, 2, 20, 20, 3, 5, 6, 20, 20, 4, 7, 20, 20, 20, 20, 20, 20]
[6, 7, 3, 20, 20, 1, 5, 4, 0, 20, 2, 20, 20, 20, 20, 20, 20, 20, 20, 20]
[20, 20, 20, 6, 1, 20, 20, 20, 2, 0, 20, 20, 20, 4, 3, 20, 20, 20, 5, 7]
[20, 1, 2, 6, 20, 20, 20, 0, 20, 20, 20, 20, 20, 4, 7, 20, 20, 20, 3, 5]
[20, 0, 20, 1, 2, 20, 20, 4, 5, 6, 20, 20, 3, 7, 20, 20, 20, 20, 20, 20]
[20, 20, 20, 6, 20, 20, 20, 1, 2, 20, 20, 7, 5, 20, 20, 0, 3, 4, 20, 20]
[20, 0, 20, 20, 20, 3, 4, 20, 20, 20, 7, 5, 1, 20, 20, 6, 2, 20, 20, 20]
[20, 6, 20, 20, 20, 1, 2, 0, 20, 20, 20, 5, 4, 20, 20, 20, 7, 3, 20, 20]
[20, 1, 2, 6, 20, 20, 20, 0, 20, 20, 20, 20, 20, 3, 7, 20, 20, 20, 4, 5]
[20, 0, 20, 20, 20, 4, 3, 20, 20, 20, 7, 5, 1, 20, 20, 6, 2, 20, 20, 20]
[0, 1, 2, 6, 20, 3, 5, 20, 20, 20, 7, 4, 20, 20, 20, 20, 20, 20, 20, 20]
[1, 5, 3, 6, 20, 0, 4, 7, 2, 20, 20, 20, 20, 20, 20, 20, 20, 20, 20, 20]
[20, 20, 20, 6, 1, 20, 20, 20, 2, 0, 20, 20, 20, 7, 3, 20, 20, 20, 5, 4]
[20, 7, 5, 1, 2, 20, 4, 3, 0, 6, 20, 20, 20, 20, 20, 20, 20, 20, 20, 20]
[20, 20, 20, 0, 20, 20, 20, 3, 4, 20, 20, 20, 7, 5, 1, 20, 20, 20, 2, 6]
[2, 20, 20, 20, 20, 0, 20, 20, 20, 20, 6, 4, 7, 20, 20, 1, 5, 3, 20, 20]
[6, 0, 20, 20, 20, 7, 4, 20, 20, 20, 3, 5, 1, 20, 20, 20, 2, 20, 20, 20]
[20, 20, 20, 6, 20, 20, 20, 1, 2, 0, 20, 20, 20, 5, 7, 20, 20, 20, 4, 3]
[20, 2, 20, 20, 20, 20, 20, 0, 20, 20, 6, 7, 3, 20, 20, 1, 5, 4, 20, 20]
[20, 6, 20, 20, 20, 1, 2, 20, 20, 20, 20, 5, 7, 20, 20, 0, 3, 4, 20, 20]
[20, 0, 6, 1, 20, 4, 3, 20, 20, 20, 5, 7, 20, 20, 20, 2, 20, 20, 20, 20]
[20, 20, 20, 6, 1, 20, 20, 20, 2, 0, 20, 20, 20, 7, 4, 20, 20, 20, 3, 5]
[0, 6, 20, 20, 20, 4, 7, 20, 20, 20, 3, 5, 1, 20, 20, 20, 2, 20, 20, 20]
[20, 1, 2, 6, 20, 20, 20, 5, 7, 20, 20, 20, 4, 3, 0, 20, 20, 20, 20, 20]
[20, 6, 20, 20, 20, 20, 20, 2, 20, 20, 1, 4, 7, 20, 20, 0, 3, 5, 20, 20]
[1, 5, 7, 2, 6, 20, 4, 3, 0, 20, 20, 20, 20, 20, 20, 20, 20, 20, 20, 20]
[6, 3, 7, 20, 20, 1, 5, 4, 0, 20, 2, 20, 20, 20, 20, 20, 20, 20, 20, 20]
[20, 20, 20, 0, 20, 20, 20, 3, 4, 20, 20, 1, 5, 7, 20, 6, 2, 20, 20, 20]
[6, 0, 20, 1, 20, 7, 4, 20, 20, 20, 5, 3, 20, 20, 20, 2, 20, 20, 20, 20]
[20, 6, 20, 20, 20, 20, 20, 2, 20, 20, 1, 3, 7, 20, 20, 0, 4, 5, 20, 20]
[20, 0, 20, 1, 2, 20, 20, 4, 5, 6, 20, 20, 7, 3, 20, 20, 20, 20, 20, 20]
[0, 6, 20, 20, 20, 3, 7, 20, 20, 20, 4, 5, 1, 20, 20, 20, 2, 20, 20, 20]
[20, 20, 20, 6, 1, 20, 20, 20, 2, 0, 20, 20, 20, 7, 5, 20, 20, 20, 4, 3]
[20, 4, 5, 1, 2, 6, 7, 3, 0, 20, 20, 20, 20, 20, 20, 20, 20, 20, 20, 20]
[20, 0, 20, 6, 20, 20, 20, 3, 7, 20, 20, 1, 5, 4, 20, 20, 2, 20, 20, 20]
[20, 3, 4, 0, 20, 1, 5, 7, 6, 20, 2, 20, 20, 20, 20, 20, 20, 20, 20, 20]
