[15, 14, 13, 20, 20, 10, 12, 5, 4, 20, 11, 9, 6, 3, 0, 20, 7, 8, 1, 2]
[15, 14, 13, 20, 20, 11, 12, 4, 5, 20, 10, 9, 6, 3, 0, 20, 7, 8, 1, 2]
[20, 7, 8, 15, 20, 11, 9, 6, 5, 20, 10, 12, 4, 3, 0, 20, 13, 14, 1, 2]
[15, 14, 13, 20, 20, 10, 12, 4, 5, 20, 11, 9, 6, 3, 0, 20, 7, 8, 1, 2]
[20, 7, 8, 15, 20, 11, 9, 6, 4, 20, 10, 12, 5, 3, 0, 20, 13, 14, 1, 2]
[20, 13, 14, 15, 20, 10, 12, 5, 4, 20, 11, 9, 6, 3, 0, 20, 7, 8, 1, 2]
[15, 14, 13, 20, 20, 11, 12, 5, 4, 20, 10, 9, 6, 3, 0, 20, 7, 8, 1, 2]
[20, 7, 8, 15, 20, 10, 9, 6, 4, 20, 11, 12, 5, 3, 0, 20, 13, 14, 1, 2]
[20, 7, 8, 20, 20, 11, 9, 6, 4, 20, 10, 12, 5, 3, 0, 15, 14, 13, 1, 2]
[20, 7, 8, 20, 20, 10, 9, 6, 5, 20, 11, 12, 4, 3, 0, 15, 14, 13, 1, 2]
[20, 7, 8, 20, 20, 10, 9, 6, 4, 20, 11, 12, 5, 3, 0, 15, 14, 13, 1, 2]
[20, 13, 14, 15, 20, 11, 12, 5, 4, 20, 10, 9, 6, 3, 0, 20, 7, 8, 1, 2]
[20, 7, 8, 15, 20, 10, 9, 6, 5, 20, 11, 12, 4, 3, 0, 20, 13, 14, 1, 2]
[20, 13, 14, 15, 20, 11, 12, 4, 5, 20, 10, 9, 6, 3, 0, 20, 7, 8, 1, 2]
[20, 7, 8, 20, 20, 11, 9, 6, 5, 20, 10, 12, 4, 3, 0, 15, 14, 13, 1, 2]
[20, 13, 14, 15, 20, 10, 12, 4, 5, 20, 11, 9, 6, 3, 0, 20, 7, 8, 1, 2]
