[20, 9, 20, 0, 4, 20, 20, 7, 8, 5, 20, 1, 6, 2, 10, 20, 3, 20, 20, 20]
[20, 0, 7, 10, 20, 1, 6, 8, 4, 20, 2, 3, 5, 9, 20, 20, 20, 20, 20, 20]
[20, 9, 10, 0, 1, 20, 20, 7, 6, 2, 20, 4, 8, 3, 20, 20, 5, 20, 20, 20]
[20, 0, 6, 1, 3, 9, 7, 8, 2, 20, 10, 20, 4, 5, 20, 20, 20, 20, 20, 20]
[20, 0, 4, 9, 10, 20, 5, 8, 7, 20, 20, 1, 6, 2, 20, 20, 3, 20, 20, 20]
[20, 0, 8, 4, 5, 9, 7, 6, 1, 10, 20, 20, 2, 3, 20, 20, 20, 20, 20, 20]
[20, 1, 2, 0, 4, 20, 3, 6, 8, 5, 20, 20, 7, 9, 10, 20, 20, 20, 20, 20]
[20, 0, 7, 10, 20, 4, 8, 6, 1, 20, 5, 9, 2, 3, 20, 20, 20, 20, 20, 20]
[20, 0, 1, 9, 10, 20, 2, 6, 7, 20, 20, 4, 8, 3, 20, 20, 5, 20, 20, 20]
[20, 4, 5, 0, 1, 20, 9, 8, 6, 2, 10, 20, 7, 3, 20, 20, 20, 20, 20, 20]
[20, 0, 8, 4, 10, 1, 6, 7, 5, 20, 2, 3, 9, 20, 20, 20, 20, 20, 20, 20]
[20, 0, 6, 1, 3, 4, 8, 7, 2, 20, 5, 20, 9, 10, 20, 20, 20, 20, 20, 20]
