[6, 0, 4, 20, 20, 7, 3, 5, 20, 20, 1, 2, 20, 20, 20, 20, 20, 20, 20, 20]
[0, 5, 20, 20, 20, 3, 2, 20, 20, 20, 1, 7, 4, 20, 20, 20, 6, 20, 20, 20]
[20, 20, 20, 4, 5, 20, 20, 1, 7, 6, 20, 20, 2, 3, 0, 20, 20, 20, 20, 20]
[20, 2, 3, 0, 5, 6, 7, 1, 4, 20, 20, 20, 20, 20, 20, 20, 20, 20, 20, 20]
[20, 0, 20, 4, 5, 20, 20, 3, 7, 6, 20, 20, 1, 2, 20, 20, 20, 20, 20, 20]
[20, 20, 20, 20, 5, 20, 20, 0, 6, 4, 20, 20, 20, 3, 1, 20, 20, 20, 2, 7]
[6, 7, 1, 20, 20, 20, 2, 3, 0, 20, 20, 20, 4, 5, 20, 20, 20, 20, 20, 20]
[20, 1, 2, 20, 20, 6, 7, 3, 0, 20, 20, 20, 4, 5, 20, 20, 20, 20, 20, 20]
[20, 4, 5, 0, 20, 1, 7, 6, 20, 20, 3, 2, 20, 20, 20, 20, 20, 20, 20, 20]
[5, 20, 20, 20, 20, 4, 6, 20, 20, 20, 20, 7, 2, 20, 20, 0, 3, 1, 20, 20]
[20, 2, 1, 5, 20, 0, 3, 7, 4, 20, 20, 20, 6, 20, 20, 20, 20, 20, 20, 20]
[20, 20, 20, 4, 5, 20, 20, 2, 7, 6, 20, 0, 3, 1, 20, 20, 20, 20, 20, 20]
[0, 4, 5, 20, 20, 3, 7, 6, 20, 20, 2, 1, 20, 20, 20, 20, 20, 20, 20, 20]
[20, 4, 6, 5, 20, 20, 20, 7, 2, 20, 20, 20, 1, 3, 0, 20, 20, 20, 20, 20]
[20, 5, 20, 20, 20, 20, 20, 4, 6, 20, 20, 2, 7, 20, 20, 0, 1, 3, 20, 20]
[20, 5, 6, 4, 20, 20, 20, 7, 1, 20, 20, 0, 3, 2, 20, 20, 20, 20, 20, 20]
[20, 20, 20, 0, 4, 20, 20, 2, 3, 5, 20, 20, 1, 7, 6, 20, 20, 20, 20, 20]
[20, 0, 4, 6, 20, 1, 3, 5, 20, 20, 7, 2, 20, 20, 20, 20, 20, 20, 20, 20]
[20, 20, 20, 20, 5, 20, 20, 0, 6, 4, 20, 20, 20, 3, 7, 20, 20, 20, 2, 1]
[20, 20, 20, 5, 6, 20, 20, 0, 4, 20, 20, 20, 20, 3, 2, 20, 20, 20, 1, 7]
[20, 5, 20, 20, 20, 20, 20, 4, 6, 0, 20, 20, 20, 7, 3, 20, 20, 20, 1, 2]
[20, 5, 20, 4, 20, 20, 20, 2, 1, 20, 20, 6, 7, 3, 0, 20, 20, 20, 20, 20]
[20, 5, 20, 20, 20, 0, 20, 4, 6, 20, 20, 3, 7, 20, 20, 20, 2, 1, 20, 20]
[20, 20, 20, 0, 4, 20, 20, 2, 3, 5, 20, 6, 7, 1, 20, 20, 20, 20, 20, 20]
[20, 2, 7, 5, 6, 0, 3, 1, 4, 20, 20, 20, 20, 20, 20, 20, 20, 20, 20, 20]
[20, 1, 7, 6, 20, 20, 2, 3, 0, 20, 20, 20, 4, 5, 20, 20, 20, 20, 20, 20]
[20, 20, 20, 20, 20, 6, 20, 0, 20, 20, 5, 7, 3, 20, 20, 4, 1, 2, 20, 20]
[0, 3, 7, 6, 20, 4, 1, 2, 5, 20, 20, 20, 20, 20, 20, 20, 20, 20, 20, 20]
[0, 4, 20, 20, 20, 3, 1, 20, 20, 20, 2, 7, 5, 20, 20, 20, 6, 20, 20, 20]
[20, 4, 20, 5, 20, 20, 20, 1, 2, 20, 20, 6, 7, 3, 0, 20, 20, 20, 20, 20]
[20, 20, 20, 0, 4, 20, 20, 1, 3, 5, 20, 6, 7, 2, 20, 20, 20, 20, 20, 20]
[20, 20, 20, 5, 4, 20, 20, 20, 6, 0, 20, 20, 20, 2, 3, 20, 20, 20, 1, 7]
[20, 2, 1, 20, 20, 6, 7, 3, 0, 20, 20, 20, 4, 5, 20, 20, 20, 20, 20, 20]
[20, 4, 5, 20, 20, 1, 7, 6, 20, 20, 2, 3, 0, 20, 20, 20, 20, 20, 20, 20]
[20, 20, 20, 5, 4, 20, 20, 20, 6, 0, 20, 20, 20, 2, 7, 20, 20, 20, 3, 1]
[20, 1, 3, 0, 5, 20, 2, 7, 4, 20, 20, 20, 6, 20, 20, 20, 20, 20, 20, 20]
[20, 5, 20, 20, 20, 20, 20, 4, 6, 0, 20, 20, 20, 7, 2, 20, 20, 20, 1, 3]
[4, 5, 6, 0, 20, 7, 2, 20, 20, 20, 3, 1, 20, 20, 20, 20, 20, 20, 20, 20]
[0, 3, 2, 5, 20, 6, 7, 1, 4, 20, 20, 20, 20, 20, 20, 20, 20, 20, 20, 20]
[5, 4, 20, 6, 20, 2, 1, 20, 20, 20, 7, 3, 0, 20, 20, 20, 20, 20, 20, 20]
[20, 5, 20, 20, 20, 20, 20, 4, 6, 0, 20, 20, 20, 7, 2, 20, 20, 20, 3, 1]
[20, 1, 3, 0, 20, 4, 7, 2, 5, 20, 6, 20, 20, 20, 20, 20, 20, 20, 20, 20]
[20, 5, 20, 20, 20, 20, 20, 4, 6, 0, 20, 20, 20, 7, 1, 20, 20, 20, 2, 3]
[20, 5, 20, 20, 20, 6, 20, 4, 20, 20, 20, 7, 1, 20, 20, 0, 2, 3, 20, 20]
[20, 0, 4, 5, 20, 20, 20, 3, 2, 20, 20, 6, 7, 1, 20, 20, 20, 20, 20, 20]
[20, 20, 20, 20, 5, 20, 20, 0, 6, 4, 20, 20, 20, 3, 7, 20, 20, 20, 1, 2]
[20, 5, 20, 20, 6, 20, 20, 4, 20, 0, 20, 20, 20, 1, 7, 20, 20, 20, 2, 3]
[20, 20, 20, 0, 4, 20, 20, 1, 3, 5, 20, 20, 2, 7, 6, 20, 20, 20, 20, 20]
[5, 4, 6, 20, 20, 7, 1, 20, 20, 20, 2, 3, 0, 20, 20, 20, 20, 20, 20, 20]
[0, 5, 20, 6, 20, 3, 2, 20, 20, 20, 7, 1, 4, 20, 20, 20, 20, 20, 20, 20]
[20, 5, 6, 4, 20, 20, 20, 7, 1, 20, 20, 20, 2, 3, 0, 20, 20, 20, 20, 20]
[20, 5, 20, 20, 20, 20, 20, 4, 6, 20, 20, 1, 7, 20, 20, 0, 2, 3, 20, 20]
[20, 0, 4, 5, 20, 20, 20, 3, 2, 20, 20, 20, 1, 7, 6, 20, 20, 20, 20, 20]
[20, 0, 4, 20, 20, 1, 3, 5, 20, 20, 2, 7, 6, 20, 20, 20, 20, 20, 20, 20]
[5, 20, 20, 20, 20, 4, 6, 20, 20, 20, 20, 7, 2, 20, 20, 0, 1, 3, 20, 20]
[20, 5, 20, 20, 20, 20, 20, 4, 6, 20, 20, 2, 7, 20, 20, 0, 3, 1, 20, 20]
[20, 4, 6, 5, 20, 20, 20, 7, 2, 20, 20, 0, 3, 1, 20, 20, 20, 20, 20, 20]
[20, 5, 20, 20, 6, 20, 20, 4, 20, 0, 20, 20, 20, 1, 3, 20, 20, 20, 2, 7]
[20, 2, 7, 6, 20, 20, 1, 3, 0, 20, 20, 20, 4, 5, 20, 20, 20, 20, 20, 20]
[5, 4, 20, 0, 20, 2, 1, 20, 20, 20, 3, 7, 6, 20, 20, 20, 20, 20, 20, 20]
[0, 3, 7, 5, 6, 20, 2, 1, 4, 20, 20, 20, 20, 20, 20, 20, 20, 20, 20, 20]
[20, 0, 4, 6, 20, 2, 3, 5, 20, 20, 7, 1, 20, 20, 20, 20, 20, 20, 20, 20]
[20, 20, 20, 20, 20, 0, 20, 6, 20, 20, 5, 3, 7, 20, 20, 4, 1, 2, 20, 20]
[20, 5, 20, 20, 20, 20, 20, 4, 6, 0, 20, 20, 20, 7, 3, 20, 20, 20, 2, 1]
[0, 3, 2, 5, 20, 20, 1, 7, 4, 20, 20, 20, 6, 20, 20, 20, 20, 20, 20, 20]
[20, 6, 20, 20, 20, 20, 20, 0, 20, 20, 5, 2, 3, 20, 20, 4, 7, 1, 20, 20]
[20, 5, 20, 20, 6, 20, 20, 4, 20, 0, 20, 20, 20, 1, 2, 20, 20, 20, 3, 7]
[6, 7, 2, 5, 20, 0, 3, 1, 4, 20, 20, 20, 20, 20, 20, 20, 20, 20, 20, 20]
[20, 5, 6, 20, 20, 20, 20, 4, 20, 20, 20, 2, 1, 20, 20, 0, 7, 3, 20, 20]
[6, 20, 20, 20, 20, 0, 20, 20, 20, 20, 5, 3, 2, 20, 20, 4, 7, 1, 20, 20]
[20, 1, 7, 6, 20, 0, 3, 2, 5, 20, 4, 20, 20, 20, 20, 20, 20, 20, 20, 20]
[0, 3, 1, 5, 20, 20, 2, 7, 4, 20, 20, 20, 6, 20, 20, 20, 20, 20, 20, 20]
[20, 0, 20, 4, 5, 20, 20, 3, 7, 6, 20, 20, 2, 1, 20, 20, 20, 20, 20, 20]
[0, 4, 5, 20, 20, 3, 7, 6, 20, 20, 1, 2, 20, 20, 20, 20, 20, 20, 20, 20]
[20, 4, 5, 0, 20, 2, 7, 6, 20, 20, 3, 1, 20, 20, 20, 20, 20, 20, 20, 20]
[4, 5, 20, 6, 20, 1, 2, 20, 20, 20, 7, 3, 0, 20, 20, 20, 20, 20, 20, 20]
[6, 20, 20, 20, 20, 0, 20, 20, 20, 20, 5, 3, 1, 20, 20, 4, 7, 2, 20, 20]
[20, 20, 20, 4, 5, 20, 20, 1, 7, 6, 20, 0, 3, 2, 20, 20, 20, 20, 20, 20]
[4, 5, 20, 0, 20, 1, 2, 20, 20, 20, 3, 7, 6, 20, 20, 20, 20, 20, 20, 20]
[20, 0, 4, 20, 20, 2, 3, 5, 20, 20, 1, 7, 6, 20, 20, 20, 20, 20, 20, 20]
[20, 20, 20, 5, 4, 20, 20, 20, 6, 0, 20, 20, 20, 2, 7, 20, 20, 20, 1, 3]
[6, 7, 1, 20, 20, 0, 3, 2, 5, 20, 4, 20, 20, 20, 20, 20, 20, 20, 20, 20]
[6, 0, 4, 20, 20, 7, 3, 5, 20, 20, 2, 1, 20, 20, 20, 20, 20, 20, 20, 20]
[20, 6, 20, 20, 20, 20, 20, 0, 20, 20, 5, 1, 3, 20, 20, 4, 7, 2, 20, 20]
[5, 4, 6, 0, 20, 7, 1, 20, 20, 20, 3, 2, 20, 20, 20, 20, 20, 20, 20, 20]
[20, 5, 20, 20, 20, 20, 20, 4, 6, 20, 20, 1, 7, 20, 20, 0, 3, 2, 20, 20]
[20, 6, 20, 0, 4, 20, 20, 7, 3, 5, 20, 20, 1, 2, 20, 20, 20, 20, 20, 20]
[20, 1, 2, 5, 20, 0, 3, 7, 4, 20, 20, 20, 6, 20, 20, 20, 20, 20, 20, 20]
[20, 0, 5, 4, 20, 20, 20, 3, 1, 20, 20, 20, 2, 7, 6, 20, 20, 20, 20, 20]
[4, 5, 6, 20, 20, 7, 2, 20, 20, 20, 1, 3, 0, 20, 20, 20, 20, 20, 20, 20]
[6, 7, 3, 0, 5, 20, 2, 1, 4, 20, 20, 20, 20, 20, 20, 20, 20, 20, 20, 20]
[5, 20, 20, 20, 20, 4, 6, 20, 20, 20, 20, 1, 2, 20, 20, 0, 7, 3, 20, 20]
[0, 3, 1, 20, 20, 4, 7, 2, 5, 20, 6, 20, 20, 20, 20, 20, 20, 20, 20, 20]
[6, 7, 2, 20, 20, 20, 1, 3, 0, 20, 20, 20, 4, 5, 20, 20, 20, 20, 20, 20]
[20, 20, 20, 5, 20, 6, 20, 0, 4, 20, 20, 7, 3, 20, 20, 20, 2, 1, 20, 20]
[20, 5, 20, 20, 6, 20, 20, 4, 20, 0, 20, 20, 20, 1, 7, 20, 20, 20, 3, 2]
[20, 4, 5, 20, 20, 2, 7, 6, 20, 20, 1, 3, 0, 20, 20, 20, 20, 20, 20, 20]
[20, 20, 20, 5, 4, 20, 20, 20, 6, 0, 20, 20, 20, 2, 1, 20, 20, 20, 3, 7]
[20, 5, 20, 4, 20, 20, 20, 2, 1, 20, 20, 0, 3, 7, 6, 20, 20, 20, 20, 20]
[20, 6, 20, 0, 4, 20, 20, 7, 3, 5, 20, 20, 2, 1, 20, 20, 20, 20, 20, 20]
[20, 0, 5, 4, 20, 20, 20, 3, 1, 20, 20, 6, 7, 2, 20, 20, 20, 20, 20, 20]
[20, 4, 20, 5, 20, 20, 20, 1, 2, 20, 20, 0, 3, 7, 6, 20, 20, 20, 20, 20]
[0, 4, 20, 6, 20, 3, 1, 20, 20, 20, 7, 2, 5, 20, 20, 20, 20, 20, 20, 20]
[20, 5, 20, 20, 20, 20, 20, 4, 6, 0, 20, 20, 20, 7, 1, 20, 20, 20, 3, 2]
[6, 7, 3, 0, 20, 4, 1, 2, 5, 20, 20, 20, 20, 20, 20, 20, 20, 20, 20, 20]
[20, 20, 20, 4, 5, 20, 20, 2, 7, 6, 20, 20, 1, 3, 0, 20, 20, 20, 20, 20]
[20, 2, 3, 0, 5, 20, 1, 7, 4, 20, 20, 20, 6, 20, 20, 20, 20, 20, 20, 20]
[20, 5, 20, 20, 20, 6, 20, 4, 20, 20, 20, 7, 1, 20, 20, 0, 3, 2, 20, 20]
