[20, 5, 20, 1, 20, 4, 6, 20, 20, 20, 3, 2, 0, 20, 20, 20, 20, 20, 20, 20]
[20, 20, 20, 20, 20, 1, 20, 5, 20, 20, 20, 3, 4, 20, 20, 0, 2, 6, 20, 20]
[20, 5, 20, 0, 20, 20, 20, 4, 2, 20, 20, 1, 3, 6, 20, 20, 20, 20, 20, 20]
[20, 1, 20, 20, 20, 20, 20, 0, 20, 5, 20, 20, 20, 2, 4, 20, 20, 20, 6, 3]
[20, 0, 1, 5, 20, 20, 20, 3, 6, 20, 20, 20, 4, 2, 20, 20, 20, 20, 20, 20]
[20, 20, 20, 20, 1, 20, 20, 5, 20, 0, 20, 20, 20, 6, 3, 20, 20, 20, 4, 2]
[20, 20, 20, 20, 20, 20, 20, 5, 20, 20, 1, 6, 4, 20, 20, 0, 2, 3, 20, 20]
[20, 20, 20, 20, 20, 20, 20, 0, 1, 20, 20, 2, 3, 20, 20, 5, 4, 6, 20, 20]
[20, 20, 20, 20, 20, 20, 20, 0, 1, 5, 20, 20, 20, 3, 6, 20, 20, 20, 2, 4]
[20, 20, 20, 20, 1, 20, 20, 5, 20, 0, 20, 20, 20, 6, 2, 20, 20, 20, 3, 4]
[20, 20, 20, 5, 20, 20, 20, 4, 6, 20, 20, 20, 2, 3, 0, 20, 20, 20, 1, 20]
[0, 5, 20, 1, 20, 2, 6, 20, 20, 20, 3, 4, 20, 20, 20, 20, 20, 20, 20, 20]
[20, 20, 20, 20, 20, 20, 20, 0, 1, 20, 20, 4, 3, 20, 20, 5, 6, 2, 20, 20]
[20, 4, 3, 1, 20, 5, 6, 2, 0, 20, 20, 20, 20, 20, 20, 20, 20, 20, 20, 20]
[20, 0, 20, 5, 20, 20, 20, 2, 4, 20, 20, 1, 3, 6, 20, 20, 20, 20, 20, 20]
[20, 5, 20, 1, 20, 6, 4, 20, 20, 20, 3, 2, 0, 20, 20, 20, 20, 20, 20, 20]
[20, 20, 20, 20, 1, 20, 20, 5, 20, 0, 20, 20, 20, 6, 3, 20, 20, 20, 2, 4]
[20, 20, 20, 20, 1, 20, 20, 5, 20, 0, 20, 20, 20, 4, 2, 20, 20, 20, 6, 3]
[20, 2, 6, 20, 20, 5, 4, 3, 0, 20, 20, 20, 1, 20, 20, 20, 20, 20, 20, 20]
[20, 6, 4, 5, 20, 20, 2, 3, 0, 20, 20, 20, 1, 20, 20, 20, 20, 20, 20, 20]
[20, 20, 20, 20, 20, 20, 20, 5, 20, 20, 1, 4, 6, 20, 20, 0, 2, 3, 20, 20]
[20, 20, 20, 20, 20, 20, 20, 0, 1, 20, 20, 2, 3, 20, 20, 5, 6, 4, 20, 20]
[0, 1, 5, 20, 20, 3, 4, 20, 20, 20, 6, 2, 20, 20, 20, 20, 20, 20, 20, 20]
[20, 5, 20, 0, 20, 20, 20, 4, 2, 20, 20, 20, 6, 3, 1, 20, 20, 20, 20, 20]
[20, 2, 3, 0, 20, 20, 6, 4, 1, 20, 20, 20, 5, 20, 20, 20, 20, 20, 20, 20]
[20, 1, 20, 20, 20, 20, 20, 0, 20, 5, 20, 20, 20, 2, 4, 20, 20, 20, 3, 6]
[20, 20, 20, 5, 20, 20, 20, 6, 4, 20, 20, 20, 2, 3, 0, 20, 20, 20, 1, 20]
[1, 20, 20, 20, 20, 0, 20, 20, 20, 20, 20, 2, 6, 20, 20, 5, 4, 3, 20, 20]
[20, 5, 20, 0, 1, 20, 20, 4, 3, 20, 20, 20, 6, 2, 20, 20, 20, 20, 20, 20]
[20, 20, 20, 20, 1, 20, 20, 5, 20, 0, 20, 20, 20, 6, 2, 20, 20, 20, 4, 3]
[0, 1, 5, 20, 20, 3, 4, 20, 20, 20, 2, 6, 20, 20, 20, 20, 20, 20, 20, 20]
[20, 5, 20, 0, 20, 20, 20, 6, 2, 20, 20, 1, 3, 4, 20, 20, 20, 20, 20, 20]
[5, 0, 1, 20, 20, 4, 3, 20, 20, 20, 6, 2, 20, 20, 20, 20, 20, 20, 20, 20]
[20, 20, 20, 20, 20, 20, 20, 5, 20, 20, 1, 2, 4, 20, 20, 0, 3, 6, 20, 20]
[20, 20, 20, 20, 1, 20, 20, 5, 20, 0, 20, 20, 20, 4, 6, 20, 20, 20, 2, 3]
[0, 5, 20, 20, 20, 2, 4, 20, 20, 20, 6, 3, 1, 20, 20, 20, 20, 20, 20, 20]
[20, 20, 20, 20, 20, 0, 1, 20, 20, 20, 20, 3, 4, 20, 20, 5, 6, 2, 20, 20]
[1, 3, 6, 20, 20, 5, 4, 2, 0, 20, 20, 20, 20, 20, 20, 20, 20, 20, 20, 20]
[20, 4, 6, 5, 20, 20, 2, 3, 0, 20, 20, 20, 1, 20, 20, 20, 20, 20, 20, 20]
[20, 1, 20, 0, 20, 20, 20, 3, 2, 20, 20, 20, 6, 4, 5, 20, 20, 20, 20, 20]
[20, 6, 2, 20, 20, 5, 4, 3, 0, 20, 20, 20, 1, 20, 20, 20, 20, 20, 20, 20]
[20, 1, 20, 20, 20, 20, 20, 0, 20, 20, 20, 4, 2, 20, 20, 5, 6, 3, 20, 20]
[20, 6, 3, 1, 20, 0, 2, 4, 5, 20, 20, 20, 20, 20, 20, 20, 20, 20, 20, 20]
[20, 20, 20, 20, 5, 20, 20, 1, 20, 0, 20, 20, 20, 3, 2, 20, 20, 20, 4, 6]
[20, 1, 20, 20, 20, 20, 20, 0, 20, 5, 20, 20, 20, 2, 6, 20, 20, 20, 3, 4]
[20, 20, 20, 20, 20, 20, 20, 5, 20, 20, 1, 4, 6, 20, 20, 0, 3, 2, 20, 20]
[20, 5, 20, 0, 1, 20, 20, 6, 3, 20, 20, 20, 4, 2, 20, 20, 20, 20, 20, 20]
[20, 0, 20, 5, 20, 20, 20, 2, 4, 20, 20, 20, 6, 3, 1, 20, 20, 20, 20, 20]
[20, 20, 20, 20, 20, 5, 20, 20, 20, 20, 1, 4, 2, 20, 20, 0, 3, 6, 20, 20]
[20, 20, 20, 20, 1, 20, 20, 5, 20, 0, 20, 20, 20, 4, 3, 20, 20, 20, 2, 6]
[20, 5, 20, 0, 1, 20, 20, 4, 3, 20, 20, 20, 2, 6, 20, 20, 20, 20, 20, 20]
[5, 0, 20, 1, 20, 4, 2, 20, 20, 20, 3, 6, 20, 20, 20, 20, 20, 20, 20, 20]
[20, 5, 20, 20, 20, 6, 4, 20, 20, 20, 2, 3, 0, 20, 20, 20, 1, 20, 20, 20]
[20, 1, 20, 0, 20, 20, 20, 3, 2, 20, 20, 20, 4, 6, 5, 20, 20, 20, 20, 20]
[1, 3, 2, 0, 20, 20, 4, 6, 5, 20, 20, 20, 20, 20, 20, 20, 20, 20, 20, 20]
[20, 0, 1, 5, 20, 20, 20, 3, 6, 20, 20, 20, 2, 4, 20, 20, 20, 20, 20, 20]
[20, 20, 20, 20, 5, 20, 20, 1, 20, 0, 20, 20, 20, 3, 2, 20, 20, 20, 6, 4]
[0, 5, 20, 1, 20, 2, 4, 20, 20, 20, 3, 6, 20, 20, 20, 20, 20, 20, 20, 20]
[20, 20, 20, 20, 20, 20, 20, 0, 1, 5, 20, 20, 20, 3, 6, 20, 20, 20, 4, 2]
[20, 2, 6, 20, 20, 0, 3, 4, 5, 20, 1, 20, 20, 20, 20, 20, 20, 20, 20, 20]
[20, 6, 3, 1, 20, 5, 4, 2, 0, 20, 20, 20, 20, 20, 20, 20, 20, 20, 20, 20]
[20, 0, 20, 5, 20, 20, 20, 2, 6, 20, 20, 1, 3, 4, 20, 20, 20, 20, 20, 20]
[20, 20, 20, 20, 1, 20, 20, 20, 5, 0, 20, 20, 20, 2, 3, 20, 20, 20, 6, 4]
[20, 6, 2, 20, 20, 0, 3, 4, 5, 20, 1, 20, 20, 20, 20, 20, 20, 20, 20, 20]
[1, 3, 6, 20, 20, 0, 2, 4, 5, 20, 20, 20, 20, 20, 20, 20, 20, 20, 20, 20]
[20, 5, 20, 20, 20, 4, 6, 20, 20, 20, 2, 3, 0, 20, 20, 20, 1, 20, 20, 20]
[20, 1, 20, 20, 20, 20, 20, 0, 20, 5, 20, 20, 20, 2, 6, 20, 20, 20, 4, 3]
[20, 20, 20, 20, 20, 1, 20, 0, 20, 20, 20, 3, 2, 20, 20, 5, 6, 4, 20, 20]
[20, 0, 1, 5, 20, 20, 20, 3, 4, 20, 20, 20, 6, 2, 20, 20, 20, 20, 20, 20]
[5, 0, 20, 20, 20, 4, 2, 20, 20, 20, 6, 3, 1, 20, 20, 20, 20, 20, 20, 20]
[1, 3, 2, 0, 20, 20, 6, 4, 5, 20, 20, 20, 20, 20, 20, 20, 20, 20, 20, 20]
[20, 20, 20, 20, 20, 5, 20, 1, 20, 20, 20, 6, 3, 20, 20, 0, 2, 4, 20, 20]
[20, 5, 20, 0, 20, 20, 20, 6, 2, 20, 20, 20, 4, 3, 1, 20, 20, 20, 20, 20]
[20, 4, 3, 1, 20, 0, 2, 6, 5, 20, 20, 20, 20, 20, 20, 20, 20, 20, 20, 20]
[20, 20, 20, 5, 20, 20, 20, 6, 4, 20, 20, 1, 3, 2, 0, 20, 20, 20, 20, 20]
[20, 2, 4, 20, 20, 0, 3, 6, 5, 20, 1, 20, 20, 20, 20, 20, 20, 20, 20, 20]
[20, 20, 20, 20, 20, 5, 20, 20, 20, 20, 1, 6, 2, 20, 20, 0, 3, 4, 20, 20]
[0, 1, 5, 20, 20, 3, 6, 20, 20, 20, 2, 4, 20, 20, 20, 20, 20, 20, 20, 20]
[20, 5, 20, 0, 1, 20, 20, 6, 3, 20, 20, 20, 2, 4, 20, 20, 20, 20, 20, 20]
[5, 0, 20, 1, 20, 6, 2, 20, 20, 20, 3, 4, 20, 20, 20, 20, 20, 20, 20, 20]
[20, 20, 20, 20, 1, 20, 20, 5, 20, 0, 20, 20, 20, 6, 4, 20, 20, 20, 2, 3]
[20, 2, 4, 20, 20, 5, 6, 3, 0, 20, 20, 20, 1, 20, 20, 20, 20, 20, 20, 20]
[20, 20, 20, 20, 1, 20, 20, 5, 20, 0, 20, 20, 20, 4, 3, 20, 20, 20, 6, 2]
[20, 0, 1, 20, 20, 2, 3, 20, 20, 20, 4, 6, 5, 20, 20, 20, 20, 20, 20, 20]
[20, 4, 2, 20, 20, 5, 6, 3, 0, 20, 20, 20, 1, 20, 20, 20, 20, 20, 20, 20]
[20, 20, 20, 20, 20, 20, 20, 0, 1, 5, 20, 20, 20, 3, 4, 20, 20, 20, 2, 6]
[5, 0, 1, 20, 20, 4, 3, 20, 20, 20, 2, 6, 20, 20, 20, 20, 20, 20, 20, 20]
[0, 1, 5, 20, 20, 3, 6, 20, 20, 20, 4, 2, 20, 20, 20, 20, 20, 20, 20, 20]
[1, 0, 20, 20, 20, 3, 2, 20, 20, 20, 6, 4, 5, 20, 20, 20, 20, 20, 20, 20]
[20, 20, 20, 20, 20, 20, 20, 5, 20, 20, 1, 6, 4, 20, 20, 0, 3, 2, 20, 20]
[1, 20, 20, 20, 20, 0, 20, 20, 20, 20, 20, 2, 4, 20, 20, 5, 6, 3, 20, 20]
[20, 4, 2, 20, 20, 0, 3, 6, 5, 20, 1, 20, 20, 20, 20, 20, 20, 20, 20, 20]
[20, 6, 4, 5, 20, 1, 3, 2, 0, 20, 20, 20, 20, 20, 20, 20, 20, 20, 20, 20]
[20, 20, 20, 0, 1, 20, 20, 2, 3, 20, 20, 20, 6, 4, 5, 20, 20, 20, 20, 20]
[0, 5, 20, 20, 20, 2, 6, 20, 20, 20, 4, 3, 1, 20, 20, 20, 20, 20, 20, 20]
[20, 20, 20, 20, 20, 0, 1, 20, 20, 20, 20, 3, 6, 20, 20, 5, 4, 2, 20, 20]
[20, 20, 20, 20, 1, 20, 20, 5, 20, 0, 20, 20, 20, 6, 4, 20, 20, 20, 3, 2]
[1, 3, 4, 20, 20, 5, 6, 2, 0, 20, 20, 20, 20, 20, 20, 20, 20, 20, 20, 20]
[20, 0, 1, 20, 20, 2, 3, 20, 20, 20, 6, 4, 5, 20, 20, 20, 20, 20, 20, 20]
[20, 20, 20, 20, 1, 20, 20, 5, 20, 0, 20, 20, 20, 4, 2, 20, 20, 20, 3, 6]
[20, 0, 1, 5, 20, 20, 20, 3, 4, 20, 20, 20, 2, 6, 20, 20, 20, 20, 20, 20]
[20, 20, 20, 20, 20, 5, 20, 1, 20, 20, 20, 4, 3, 20, 20, 0, 2, 6, 20, 20]
[20, 2, 3, 0, 20, 20, 4, 6, 1, 20, 20, 20, 5, 20, 20, 20, 20, 20, 20, 20]
[1, 0, 20, 20, 20, 3, 2, 20, 20, 20, 4, 6, 5, 20, 20, 20, 20, 20, 20, 20]
[20, 0, 20, 5, 20, 20, 20, 2, 6, 20, 20, 20, 4, 3, 1, 20, 20, 20, 20, 20]
[20, 20, 20, 20, 1, 20, 20, 20, 5, 0, 20, 20, 20, 2, 3, 20, 20, 20, 4, 6]
[20, 4, 6, 5, 20, 1, 3, 2, 0, 20, 20, 20, 20, 20, 20, 20, 20, 20, 20, 20]
[20, 20, 20, 20, 20, 1, 20, 5, 20, 20, 20, 3, 6, 20, 20, 0, 2, 4, 20, 20]
[1, 3, 4, 20, 20, 0, 2, 6, 5, 20, 20, 20, 20, 20, 20, 20, 20, 20, 20, 20]
[5, 0, 1, 20, 20, 6, 3, 20, 20, 20, 4, 2, 20, 20, 20, 20, 20, 20, 20, 20]
[20, 20, 20, 20, 20, 20, 20, 5, 20, 20, 1, 2, 6, 20, 20, 0, 3, 4, 20, 20]
[20, 20, 20, 20, 20, 1, 20, 0, 20, 20, 20, 3, 2, 20, 20, 5, 4, 6, 20, 20]
[20, 20, 20, 0, 1, 20, 20, 2, 3, 20, 20, 20, 4, 6, 5, 20, 20, 20, 20, 20]
[20, 20, 20, 20, 1, 20, 20, 5, 20, 0, 20, 20, 20, 4, 6, 20, 20, 20, 3, 2]
[5, 0, 20, 20, 20, 6, 2, 20, 20, 20, 4, 3, 1, 20, 20, 20, 20, 20, 20, 20]
[5, 0, 1, 20, 20, 6, 3, 20, 20, 20, 2, 4, 20, 20, 20, 20, 20, 20, 20, 20]
[20, 1, 20, 20, 20, 20, 20, 0, 20, 20, 20, 6, 2, 20, 20, 5, 4, 3, 20, 20]
[20, 20, 20, 5, 20, 20, 20, 4, 6, 20, 20, 1, 3, 2, 0, 20, 20, 20, 20, 20]
[20, 20, 20, 20, 20, 20, 20, 0, 1, 5, 20, 20, 20, 3, 4, 20, 20, 20, 6, 2]
[20, 20, 20, 20, 20, 20, 20, 0, 1, 20, 20, 6, 3, 20, 20, 5, 4, 2, 20, 20]
