[20, 7, 8, 4, 5, 20, 9, 1, 3, 6, 20, 20, 0, 2, 20, 20, 20, 20, 20, 20]
[20, 4, 9, 5, 6, 20, 20, 0, 1, 7, 20, 20, 3, 2, 8, 20, 20, 20, 20, 20]
[20, 7, 8, 4, 5, 20, 9, 2, 3, 6, 20, 20, 0, 1, 20, 20, 20, 20, 20, 20]
[20, 6, 9, 4, 5, 20, 20, 1, 0, 7, 20, 20, 2, 3, 8, 20, 20, 20, 20, 20]
[20, 6, 9, 4, 5, 20, 20, 1, 0, 7, 20, 20, 3, 2, 8, 20, 20, 20, 20, 20]
[20, 7, 8, 4, 5, 20, 9, 3, 2, 6, 20, 20, 0, 1, 20, 20, 20, 20, 20, 20]
[20, 4, 9, 5, 6, 20, 20, 0, 1, 7, 20, 20, 2, 3, 8, 20, 20, 20, 20, 20]
[20, 7, 8, 4, 5, 20, 9, 2, 3, 6, 20, 20, 1, 0, 20, 20, 20, 20, 20, 20]
[20, 4, 9, 5, 6, 20, 20, 2, 1, 7, 20, 20, 3, 0, 8, 20, 20, 20, 20, 20]
[20, 7, 8, 4, 5, 20, 9, 3, 2, 6, 20, 20, 1, 0, 20, 20, 20, 20, 20, 20]
[20, 7, 8, 4, 5, 20, 20, 0, 3, 6, 9, 20, 1, 2, 20, 20, 20, 20, 20, 20]
[20, 7, 8, 4, 5, 20, 20, 0, 2, 6, 9, 20, 1, 3, 20, 20, 20, 20, 20, 20]
[20, 6, 9, 4, 5, 20, 20, 3, 0, 7, 20, 20, 2, 1, 8, 20, 20, 20, 20, 20]
[20, 7, 8, 4, 5, 20, 20, 0, 3, 6, 9, 20, 2, 1, 20, 20, 20, 20, 20, 20]
[20, 4, 9, 5, 6, 20, 20, 3, 1, 7, 20, 20, 2, 0, 8, 20, 20, 20, 20, 20]
[20, 7, 8, 4, 5, 20, 9, 1, 2, 6, 20, 20, 3, 0, 20, 20, 20, 20, 20, 20]
[20, 6, 9, 4, 5, 20, 20, 2, 0, 7, 20, 20, 1, 3, 8, 20, 20, 20, 20, 20]
[20, 7, 8, 4, 5, 20, 20, 0, 2, 6, 9, 20, 3, 1, 20, 20, 20, 20, 20, 20]
[20, 4, 9, 5, 6, 20, 20, 3, 1, 7, 20, 20, 0, 2, 8, 20, 20, 20, 20, 20]
[20, 7, 8, 4, 5, 20, 9, 1, 3, 6, 20, 20, 2, 0, 20, 20, 20, 20, 20, 20]
[20, 7, 8, 4, 5, 20, 9, 1, 2, 6, 20, 20, 0, 3, 20, 20, 20, 20, 20, 20]
[20, 4, 9, 5, 6, 20, 20, 2, 1, 7, 20, 20, 0, 3, 8, 20, 20, 20, 20, 20]
[20, 6, 9, 4, 5, 20, 20, 2, 0, 7, 20, 20, 3, 1, 8, 20, 20, 20, 20, 20]
[20, 6, 9, 4, 5, 20, 20, 3, 0, 7, 20, 20, 1, 2, 8, 20, 20, 20, 20, 20]
