[20, 6, 5, 0, 7, 20, 10, 3, 1, 8, 20, 20, 2, 4, 9, 20, 20, 20, 20, 20]
[20, 7, 5, 0, 6, 20, 10, 4, 3, 8, 20, 20, 2, 1, 9, 20, 20, 20, 20, 20]
[20, 7, 5, 0, 6, 20, 10, 4, 2, 8, 20, 20, 3, 1, 9, 20, 20, 20, 20, 20]
[20, 6, 5, 0, 7, 20, 10, 4, 1, 8, 20, 20, 3, 2, 9, 20, 20, 20, 20, 20]
[20, 10, 5, 0, 6, 20, 20, 3, 2, 8, 7, 20, 1, 4, 9, 20, 20, 20, 20, 20]
[20, 10, 5, 0, 6, 20, 20, 2, 3, 8, 7, 20, 4, 1, 9, 20, 20, 20, 20, 20]
[20, 10, 5, 0, 6, 20, 20, 3, 2, 8, 7, 20, 4, 1, 9, 20, 20, 20, 20, 20]
[20, 8, 5, 0, 6, 20, 9, 3, 4, 7, 20, 20, 2, 1, 10, 20, 20, 20, 20, 20]
[20, 6, 5, 0, 7, 20, 10, 3, 1, 8, 20, 20, 4, 2, 9, 20, 20, 20, 20, 20]
[20, 7, 5, 0, 6, 20, 10, 4, 3, 8, 20, 20, 1, 2, 9, 20, 20, 20, 20, 20]
[20, 8, 5, 0, 6, 20, 9, 3, 4, 7, 20, 20, 1, 2, 10, 20, 20, 20, 20, 20]
[20, 8, 5, 0, 6, 20, 9, 2, 4, 7, 20, 20, 3, 1, 10, 20, 20, 20, 20, 20]
[20, 6, 5, 0, 7, 20, 10, 2, 1, 8, 20, 20, 3, 4, 9, 20, 20, 20, 20, 20]
[20, 7, 5, 0, 6, 20, 10, 4, 2, 8, 20, 20, 1, 3, 9, 20, 20, 20, 20, 20]
[20, 7, 5, 0, 6, 20, 10, 1, 2, 8, 20, 20, 4, 3, 9, 20, 20, 20, 20, 20]
[20, 7, 5, 0, 6, 20, 10, 1, 2, 8, 20, 20, 3, 4, 9, 20, 20, 20, 20, 20]
[20, 8, 5, 0, 6, 20, 9, 2, 4, 7, 20, 20, 1, 3, 10, 20, 20, 20, 20, 20]
[20, 6, 5, 0, 7, 20, 10, 4, 1, 8, 20, 20, 2, 3, 9, 20, 20, 20, 20, 20]
[20, 8, 5, 0, 6, 20, 9, 1, 4, 7, 20, 20, 2, 3, 10, 20, 20, 20, 20, 20]
[20, 10, 5, 0, 6, 20, 20, 2, 3, 8, 7, 20, 1, 4, 9, 20, 20, 20, 20, 20]
[20, 7, 5, 0, 6, 20, 10, 1, 3, 8, 20, 20, 2, 4, 9, 20, 20, 20, 20, 20]
[20, 8, 5, 0, 6, 20, 9, 1, 4, 7, 20, 20, 3, 2, 10, 20, 20, 20, 20, 20]
[20, 6, 5, 0, 7, 20, 10, 2, 1, 8, 20, 20, 4, 3, 9, 20, 20, 20, 20, 20]
[20, 7, 5, 0, 6, 20, 10, 1, 3, 8, 20, 20, 4, 2, 9, 20, 20, 20, 20, 20]
