[20, 1, 2, 8, 20, 9, 3, 0, 7, 20, 20, 20, 6, 5, 4, 20, 20, 20, 20, 20]
[20, 8, 9, 1, 2, 20, 20, 7, 0, 3, 20, 20, 5, 6, 4, 20, 20, 20, 20, 20]
[20, 20, 9, 1, 4, 20, 20, 7, 5, 8, 20, 20, 6, 0, 2, 20, 20, 20, 3, 20]
[20, 4, 8, 1, 2, 20, 20, 5, 0, 3, 20, 20, 7, 6, 9, 20, 20, 20, 20, 20]
[20, 4, 8, 1, 2, 20, 20, 6, 0, 3, 20, 20, 7, 5, 9, 20, 20, 20, 20, 20]
[20, 8, 9, 1, 2, 20, 20, 7, 6, 3, 20, 20, 0, 5, 4, 20, 20, 20, 20, 20]
[20, 2, 3, 1, 4, 20, 20, 6, 5, 8, 20, 20, 7, 0, 9, 20, 20, 20, 20, 20]
[20, 1, 2, 8, 20, 9, 3, 0, 7, 20, 20, 20, 5, 6, 4, 20, 20, 20, 20, 20]
[20, 4, 8, 1, 2, 20, 20, 5, 0, 3, 20, 20, 6, 7, 9, 20, 20, 20, 20, 20]
[20, 20, 9, 1, 4, 20, 20, 7, 5, 8, 20, 20, 0, 6, 2, 20, 20, 20, 3, 20]
[20, 2, 3, 1, 4, 20, 20, 6, 5, 8, 20, 20, 0, 7, 9, 20, 20, 20, 20, 20]
[20, 8, 9, 1, 2, 20, 20, 7, 0, 3, 20, 20, 6, 5, 4, 20, 20, 20, 20, 20]
[20, 1, 2, 8, 20, 9, 3, 6, 7, 20, 20, 20, 0, 5, 4, 20, 20, 20, 20, 20]
[20, 4, 8, 1, 2, 20, 20, 6, 0, 3, 20, 20, 5, 7, 9, 20, 20, 20, 20, 20]
[20, 4, 8, 1, 2, 20, 20, 0, 6, 3, 20, 20, 5, 7, 9, 20, 20, 20, 20, 20]
[20, 1, 2, 8, 20, 9, 3, 6, 7, 20, 20, 20, 5, 0, 4, 20, 20, 20, 20, 20]
[20, 1, 4, 8, 20, 20, 9, 5, 7, 20, 20, 20, 6, 0, 2, 20, 20, 20, 3, 20]
[20, 8, 9, 1, 2, 20, 20, 7, 6, 3, 20, 20, 5, 0, 4, 20, 20, 20, 20, 20]
[20, 2, 3, 1, 4, 20, 20, 0, 5, 8, 20, 20, 7, 6, 9, 20, 20, 20, 20, 20]
[20, 4, 8, 1, 2, 20, 20, 5, 6, 3, 20, 20, 7, 0, 9, 20, 20, 20, 20, 20]
[20, 1, 4, 8, 20, 20, 9, 5, 7, 20, 20, 20, 0, 6, 2, 20, 20, 20, 3, 20]
[20, 4, 8, 1, 2, 20, 20, 0, 6, 3, 20, 20, 7, 5, 9, 20, 20, 20, 20, 20]
[20, 4, 8, 1, 2, 20, 20, 5, 6, 3, 20, 20, 0, 7, 9, 20, 20, 20, 20, 20]
[20, 2, 3, 1, 4, 20, 20, 0, 5, 8, 20, 20, 6, 7, 9, 20, 20, 20, 20, 20]
