[20, 20, 20, 1, 2, 20, 20, 5, 4, 6, 20, 7, 3, 8, 9, 20, 20, 20, 0, 20]
[0, 8, 5, 20, 20, 7, 3, 4, 1, 20, 20, 6, 2, 9, 20, 20, 20, 20, 20, 20]
[20, 9, 20, 6, 20, 20, 0, 1, 2, 20, 20, 8, 4, 5, 20, 20, 7, 3, 20, 20]
[20, 7, 20, 1, 2, 20, 20, 3, 4, 5, 20, 20, 8, 0, 6, 20, 20, 20, 9, 20]
[20, 1, 2, 6, 7, 20, 5, 4, 3, 20, 20, 20, 8, 0, 9, 20, 20, 20, 20, 20]
[20, 20, 20, 8, 3, 20, 20, 1, 4, 5, 0, 6, 2, 9, 7, 20, 20, 20, 20, 20]
[20, 20, 20, 7, 20, 20, 20, 5, 3, 20, 20, 9, 8, 4, 1, 20, 20, 0, 2, 6]
[20, 9, 20, 6, 7, 20, 20, 0, 3, 20, 20, 20, 8, 4, 1, 20, 20, 20, 2, 5]
[20, 1, 2, 6, 7, 20, 5, 4, 3, 20, 20, 20, 9, 8, 20, 20, 20, 20, 0, 20]
[20, 6, 9, 20, 20, 1, 2, 0, 20, 20, 5, 4, 8, 20, 20, 7, 3, 20, 20, 20]
[20, 20, 20, 6, 7, 20, 20, 1, 2, 20, 20, 8, 4, 5, 20, 9, 0, 3, 20, 20]
[20, 7, 20, 1, 2, 20, 20, 3, 4, 5, 20, 20, 9, 8, 6, 20, 20, 20, 0, 20]
[20, 20, 20, 6, 9, 7, 20, 1, 2, 20, 20, 3, 4, 5, 20, 20, 8, 0, 20, 20]
[20, 1, 2, 6, 9, 20, 5, 4, 0, 20, 20, 20, 8, 3, 7, 20, 20, 20, 20, 20]
[20, 5, 3, 7, 20, 0, 8, 4, 1, 20, 20, 6, 2, 9, 20, 20, 20, 20, 20, 20]
[20, 8, 3, 6, 20, 1, 4, 0, 7, 20, 2, 5, 9, 20, 20, 20, 20, 20, 20, 20]
[20, 20, 20, 20, 9, 20, 20, 5, 8, 0, 20, 1, 4, 3, 7, 6, 2, 20, 20, 20]
[20, 6, 9, 20, 20, 1, 2, 7, 20, 20, 5, 4, 3, 20, 20, 20, 8, 0, 20, 20]
[20, 1, 2, 0, 6, 20, 5, 4, 8, 20, 20, 7, 3, 9, 20, 20, 20, 20, 20, 20]
[7, 1, 2, 6, 20, 3, 4, 5, 20, 20, 8, 9, 20, 20, 20, 0, 20, 20, 20, 20]
[20, 6, 7, 20, 20, 1, 2, 9, 20, 20, 5, 4, 0, 20, 20, 20, 8, 3, 20, 20]
[20, 5, 3, 6, 20, 1, 4, 8, 7, 20, 2, 9, 0, 20, 20, 20, 20, 20, 20, 20]
[20, 8, 0, 6, 9, 1, 4, 3, 7, 20, 2, 5, 20, 20, 20, 20, 20, 20, 20, 20]
[7, 1, 2, 6, 20, 3, 4, 5, 20, 20, 9, 8, 0, 20, 20, 20, 20, 20, 20, 20]
[20, 9, 20, 1, 2, 20, 20, 0, 4, 5, 20, 20, 8, 3, 6, 20, 20, 20, 7, 20]
[9, 1, 2, 6, 20, 0, 4, 5, 20, 20, 3, 8, 20, 20, 20, 7, 20, 20, 20, 20]
[20, 20, 20, 6, 9, 20, 20, 1, 2, 20, 20, 8, 4, 5, 20, 7, 3, 0, 20, 20]
[7, 3, 8, 6, 20, 1, 4, 0, 9, 20, 2, 5, 20, 20, 20, 20, 20, 20, 20, 20]
[20, 1, 2, 6, 20, 5, 4, 9, 20, 20, 3, 8, 20, 20, 20, 7, 20, 0, 20, 20]
[20, 0, 20, 20, 20, 20, 20, 8, 5, 20, 20, 1, 4, 3, 7, 6, 2, 9, 20, 20]
[20, 9, 20, 7, 20, 20, 20, 0, 3, 20, 20, 1, 4, 8, 20, 6, 2, 5, 20, 20]
[7, 3, 8, 0, 20, 20, 5, 4, 1, 20, 20, 6, 2, 9, 20, 20, 20, 20, 20, 20]
[7, 3, 5, 6, 20, 1, 4, 8, 20, 20, 2, 9, 20, 0, 20, 20, 20, 20, 20, 20]
[7, 9, 20, 20, 20, 3, 8, 0, 20, 20, 5, 4, 1, 20, 20, 6, 2, 20, 20, 20]
[20, 20, 20, 7, 20, 20, 20, 5, 3, 20, 20, 1, 4, 8, 9, 6, 2, 20, 20, 0]
[20, 7, 20, 6, 20, 20, 20, 3, 8, 20, 20, 9, 0, 4, 1, 20, 20, 20, 2, 5]
[20, 1, 2, 0, 6, 20, 5, 4, 8, 20, 9, 20, 7, 3, 20, 20, 20, 20, 20, 20]
[20, 20, 20, 1, 2, 20, 20, 8, 4, 5, 20, 7, 3, 0, 6, 20, 20, 20, 9, 20]
[20, 6, 9, 20, 20, 1, 2, 0, 20, 20, 5, 4, 8, 20, 20, 20, 7, 3, 20, 20]
[20, 9, 20, 7, 20, 5, 8, 0, 20, 20, 3, 4, 1, 20, 20, 6, 2, 20, 20, 20]
[20, 0, 20, 7, 20, 5, 8, 20, 20, 20, 3, 4, 1, 20, 20, 6, 2, 9, 20, 20]
[7, 9, 0, 20, 20, 3, 8, 20, 20, 20, 5, 4, 1, 20, 20, 6, 2, 20, 20, 20]
[20, 20, 20, 9, 0, 20, 20, 5, 8, 20, 20, 1, 4, 3, 7, 6, 2, 20, 20, 20]
[20, 7, 20, 1, 2, 20, 20, 3, 4, 5, 20, 20, 8, 9, 6, 20, 0, 20, 20, 20]
[20, 20, 20, 6, 7, 20, 20, 8, 3, 20, 20, 9, 0, 4, 1, 20, 20, 20, 2, 5]
[20, 9, 0, 1, 2, 20, 20, 8, 4, 5, 20, 20, 7, 3, 6, 20, 20, 20, 20, 20]
[20, 9, 20, 6, 20, 20, 0, 1, 2, 20, 20, 8, 4, 5, 20, 7, 3, 20, 20, 20]
[20, 20, 20, 6, 9, 20, 20, 1, 2, 7, 20, 20, 5, 4, 3, 20, 20, 20, 0, 8]
[7, 1, 2, 6, 20, 3, 4, 5, 20, 20, 9, 8, 20, 20, 20, 20, 20, 0, 20, 20]
[20, 20, 0, 1, 2, 20, 20, 8, 4, 5, 20, 7, 3, 9, 6, 20, 20, 20, 20, 20]
[20, 5, 8, 0, 20, 7, 3, 4, 1, 20, 20, 6, 2, 9, 20, 20, 20, 20, 20, 20]
[20, 20, 20, 6, 7, 9, 20, 1, 2, 20, 20, 0, 4, 5, 20, 20, 8, 3, 20, 20]
[20, 9, 20, 20, 20, 20, 20, 0, 8, 20, 20, 1, 4, 3, 7, 6, 2, 5, 20, 20]
[20, 1, 2, 6, 20, 9, 5, 4, 7, 20, 20, 0, 8, 3, 20, 20, 20, 20, 20, 20]
[20, 6, 7, 20, 20, 1, 2, 20, 20, 20, 5, 4, 8, 20, 20, 9, 0, 3, 20, 20]
[20, 20, 20, 6, 7, 20, 20, 1, 2, 9, 20, 20, 5, 4, 8, 20, 20, 20, 0, 3]
[20, 20, 9, 0, 8, 20, 20, 1, 4, 3, 20, 6, 2, 5, 7, 20, 20, 20, 20, 20]
[20, 6, 9, 20, 20, 1, 2, 20, 20, 20, 5, 4, 7, 20, 20, 0, 8, 3, 20, 20]
[20, 1, 2, 6, 20, 20, 5, 4, 7, 9, 20, 20, 3, 8, 0, 20, 20, 20, 20, 20]
[9, 0, 8, 6, 20, 1, 4, 3, 7, 20, 2, 5, 20, 20, 20, 20, 20, 20, 20, 20]
[20, 7, 20, 20, 20, 20, 20, 3, 5, 9, 20, 1, 4, 8, 0, 6, 2, 20, 20, 20]
[20, 1, 2, 6, 7, 20, 5, 4, 3, 20, 20, 0, 8, 9, 20, 20, 20, 20, 20, 20]
[20, 6, 20, 20, 20, 1, 2, 7, 20, 20, 5, 4, 3, 20, 20, 0, 8, 9, 20, 20]
[20, 9, 20, 7, 20, 20, 0, 8, 3, 20, 20, 20, 5, 4, 1, 20, 20, 20, 2, 6]
[20, 7, 20, 9, 0, 20, 20, 3, 8, 20, 20, 1, 4, 5, 20, 6, 2, 20, 20, 20]
[20, 9, 0, 20, 20, 20, 20, 8, 5, 20, 20, 1, 4, 3, 7, 6, 2, 20, 20, 20]
[7, 3, 0, 6, 20, 1, 4, 8, 9, 20, 2, 5, 20, 20, 20, 20, 20, 20, 20, 20]
[7, 3, 5, 6, 9, 1, 4, 8, 0, 20, 2, 20, 20, 20, 20, 20, 20, 20, 20, 20]
[20, 1, 2, 6, 9, 20, 5, 4, 0, 20, 20, 7, 3, 8, 20, 20, 20, 20, 20, 20]
[20, 20, 20, 9, 20, 20, 20, 8, 0, 20, 20, 1, 4, 3, 7, 6, 2, 5, 20, 20]
[7, 0, 20, 20, 20, 3, 8, 20, 20, 20, 5, 4, 1, 20, 20, 6, 2, 9, 20, 20]
[20, 20, 20, 9, 0, 20, 20, 5, 8, 20, 20, 7, 3, 4, 1, 20, 20, 20, 2, 6]
[20, 7, 9, 0, 20, 20, 20, 3, 8, 20, 20, 20, 5, 4, 1, 20, 20, 20, 2, 6]
[0, 8, 3, 7, 20, 20, 5, 4, 1, 20, 20, 6, 2, 9, 20, 20, 20, 20, 20, 20]
[20, 1, 2, 6, 20, 20, 5, 4, 7, 20, 20, 20, 3, 8, 9, 20, 20, 20, 0, 20]
[20, 9, 0, 7, 20, 5, 8, 20, 20, 20, 3, 4, 1, 20, 20, 6, 2, 20, 20, 20]
[20, 7, 20, 9, 20, 20, 20, 3, 0, 20, 20, 1, 4, 8, 20, 6, 2, 5, 20, 20]
[20, 6, 20, 20, 20, 1, 2, 9, 20, 20, 5, 4, 0, 20, 20, 7, 3, 8, 20, 20]
[20, 20, 20, 6, 20, 7, 20, 1, 2, 20, 20, 3, 4, 5, 20, 9, 0, 8, 20, 20]
[9, 0, 8, 20, 20, 7, 3, 4, 1, 20, 20, 6, 2, 5, 20, 20, 20, 20, 20, 20]
[20, 20, 20, 6, 20, 20, 20, 1, 2, 20, 0, 8, 4, 5, 20, 7, 3, 9, 20, 20]
[20, 5, 3, 6, 7, 1, 4, 8, 0, 9, 2, 20, 20, 20, 20, 20, 20, 20, 20, 20]
[20, 1, 2, 6, 7, 20, 5, 4, 3, 20, 20, 20, 9, 8, 0, 20, 20, 20, 20, 20]
[9, 20, 20, 7, 20, 0, 8, 20, 20, 20, 3, 4, 1, 20, 20, 6, 2, 5, 20, 20]
[20, 7, 20, 20, 20, 20, 20, 3, 5, 20, 20, 9, 8, 4, 1, 20, 0, 20, 2, 6]
[20, 9, 20, 6, 20, 20, 20, 0, 8, 20, 20, 7, 3, 4, 1, 20, 20, 20, 2, 5]
[20, 20, 20, 1, 2, 20, 0, 8, 4, 5, 20, 7, 3, 9, 6, 20, 20, 20, 20, 20]
[7, 3, 5, 20, 20, 20, 8, 4, 1, 20, 0, 6, 2, 9, 20, 20, 20, 20, 20, 20]
[20, 20, 20, 7, 20, 20, 20, 5, 3, 9, 20, 1, 4, 8, 0, 6, 2, 20, 20, 20]
[20, 0, 20, 7, 20, 20, 20, 8, 3, 20, 20, 1, 4, 5, 20, 6, 2, 9, 20, 20]
[20, 9, 20, 1, 2, 20, 0, 8, 4, 5, 20, 20, 7, 3, 6, 20, 20, 20, 20, 20]
[20, 5, 3, 7, 20, 20, 8, 4, 1, 20, 0, 6, 2, 9, 20, 20, 20, 20, 20, 20]
[20, 20, 20, 1, 2, 20, 20, 8, 4, 5, 20, 9, 0, 3, 6, 20, 20, 20, 7, 20]
[20, 1, 2, 6, 20, 8, 4, 5, 20, 20, 0, 3, 7, 20, 20, 9, 20, 20, 20, 20]
[7, 1, 2, 6, 20, 3, 4, 5, 20, 20, 0, 8, 20, 20, 20, 9, 20, 20, 20, 20]
[20, 20, 20, 7, 20, 20, 20, 5, 3, 20, 20, 9, 8, 4, 1, 20, 0, 20, 2, 6]
[20, 7, 20, 1, 2, 20, 20, 3, 4, 5, 20, 9, 0, 8, 6, 20, 20, 20, 20, 20]
[20, 20, 20, 6, 20, 9, 20, 1, 2, 20, 0, 8, 4, 5, 20, 20, 7, 3, 20, 20]
[7, 1, 2, 6, 20, 3, 4, 5, 20, 20, 8, 0, 9, 20, 20, 20, 20, 20, 20, 20]
[20, 20, 20, 7, 20, 20, 20, 5, 3, 20, 20, 1, 4, 8, 9, 6, 2, 20, 0, 20]
[7, 20, 9, 0, 20, 3, 5, 20, 20, 20, 8, 4, 1, 20, 20, 6, 2, 20, 20, 20]
[9, 7, 20, 20, 20, 0, 3, 20, 20, 20, 8, 4, 1, 20, 20, 6, 2, 5, 20, 20]
[20, 1, 2, 6, 9, 20, 5, 4, 8, 0, 20, 20, 7, 3, 20, 20, 20, 20, 20, 20]
[20, 7, 9, 20, 20, 5, 3, 20, 20, 20, 8, 4, 1, 20, 20, 0, 2, 6, 20, 20]
[20, 1, 2, 6, 20, 5, 4, 9, 20, 20, 3, 8, 20, 20, 20, 7, 0, 20, 20, 20]
[20, 20, 20, 6, 9, 20, 20, 1, 2, 0, 20, 20, 5, 4, 8, 20, 20, 20, 3, 7]
[20, 20, 20, 6, 7, 20, 20, 1, 2, 20, 9, 5, 4, 20, 20, 0, 8, 3, 20, 20]
[20, 8, 3, 7, 20, 9, 0, 4, 1, 20, 20, 6, 2, 5, 20, 20, 20, 20, 20, 20]
[20, 5, 8, 0, 9, 1, 4, 3, 7, 20, 2, 6, 20, 20, 20, 20, 20, 20, 20, 20]
[7, 1, 2, 6, 20, 3, 4, 5, 20, 20, 9, 8, 20, 20, 20, 20, 0, 20, 20, 20]
[20, 20, 20, 1, 2, 9, 20, 5, 4, 6, 20, 0, 8, 3, 7, 20, 20, 20, 20, 20]
[20, 20, 20, 1, 2, 20, 20, 5, 4, 6, 20, 9, 8, 3, 7, 20, 0, 20, 20, 20]
[20, 6, 20, 9, 20, 1, 2, 20, 0, 20, 5, 4, 8, 20, 20, 20, 7, 3, 20, 20]
[20, 7, 9, 0, 20, 20, 20, 3, 8, 20, 20, 1, 4, 5, 20, 6, 2, 20, 20, 20]
[20, 20, 20, 6, 9, 20, 20, 1, 2, 7, 20, 20, 5, 4, 3, 20, 20, 20, 8, 0]
[20, 5, 3, 7, 20, 9, 8, 4, 1, 20, 20, 0, 2, 6, 20, 20, 20, 20, 20, 20]
[9, 0, 20, 20, 20, 20, 20, 8, 5, 20, 20, 7, 3, 4, 1, 20, 20, 20, 2, 6]
[20, 1, 2, 6, 0, 20, 5, 4, 8, 9, 20, 20, 7, 3, 20, 20, 20, 20, 20, 20]
[9, 0, 20, 1, 2, 20, 20, 8, 4, 5, 20, 20, 7, 3, 6, 20, 20, 20, 20, 20]
[20, 7, 20, 1, 2, 20, 20, 3, 4, 5, 20, 20, 8, 9, 6, 20, 20, 0, 20, 20]
[20, 1, 2, 6, 7, 20, 5, 4, 3, 20, 20, 20, 8, 9, 20, 20, 20, 0, 20, 20]
[9, 20, 20, 6, 20, 0, 20, 1, 2, 20, 20, 8, 4, 5, 20, 20, 7, 3, 20, 20]
[20, 20, 20, 6, 7, 20, 20, 1, 2, 9, 20, 20, 5, 4, 0, 20, 20, 20, 8, 3]
[20, 7, 20, 1, 2, 20, 20, 3, 4, 5, 20, 20, 6, 8, 0, 20, 20, 20, 9, 20]
[20, 20, 20, 5, 3, 20, 20, 1, 4, 8, 20, 6, 2, 7, 0, 20, 20, 20, 9, 20]
[20, 1, 2, 0, 9, 5, 4, 6, 20, 20, 8, 3, 7, 20, 20, 20, 20, 20, 20, 20]
[9, 0, 3, 7, 20, 20, 8, 4, 1, 20, 20, 6, 2, 5, 20, 20, 20, 20, 20, 20]
[20, 7, 20, 1, 2, 20, 20, 3, 4, 5, 20, 20, 9, 8, 6, 20, 20, 20, 20, 0]
[20, 1, 2, 6, 20, 20, 5, 4, 7, 20, 20, 9, 8, 3, 20, 20, 20, 0, 20, 20]
[20, 20, 20, 6, 7, 20, 20, 1, 2, 9, 20, 20, 5, 4, 0, 20, 20, 20, 3, 8]
[9, 1, 2, 6, 20, 0, 4, 5, 20, 20, 8, 3, 7, 20, 20, 20, 20, 20, 20, 20]
[20, 20, 7, 3, 8, 20, 20, 1, 4, 0, 20, 6, 2, 5, 9, 20, 20, 20, 20, 20]
[20, 20, 20, 1, 2, 20, 20, 5, 4, 6, 20, 7, 3, 8, 9, 20, 20, 20, 20, 0]
[20, 6, 20, 9, 20, 1, 2, 20, 0, 20, 5, 4, 8, 20, 20, 7, 3, 20, 20, 20]
[7, 20, 20, 9, 20, 3, 8, 20, 20, 20, 0, 4, 1, 20, 20, 6, 2, 5, 20, 20]
[20, 1, 2, 6, 0, 20, 5, 4, 8, 20, 20, 7, 3, 9, 20, 20, 20, 20, 20, 20]
[20, 5, 3, 6, 20, 1, 4, 8, 7, 20, 2, 9, 20, 0, 20, 20, 20, 20, 20, 20]
[20, 7, 20, 20, 20, 20, 20, 3, 8, 20, 20, 1, 4, 0, 9, 6, 2, 5, 20, 20]
[20, 7, 20, 20, 9, 20, 20, 3, 8, 0, 20, 20, 5, 4, 1, 20, 20, 20, 2, 6]
[20, 20, 20, 7, 20, 20, 20, 8, 3, 20, 20, 1, 4, 0, 9, 6, 2, 5, 20, 20]
[7, 3, 8, 20, 20, 9, 0, 4, 1, 20, 20, 6, 2, 5, 20, 20, 20, 20, 20, 20]
[20, 1, 2, 6, 20, 8, 4, 5, 20, 20, 3, 0, 9, 20, 20, 7, 20, 20, 20, 20]
[9, 0, 3, 6, 20, 1, 4, 8, 7, 20, 2, 5, 20, 20, 20, 20, 20, 20, 20, 20]
[20, 7, 20, 20, 20, 20, 20, 3, 5, 20, 20, 1, 4, 8, 9, 6, 2, 20, 20, 0]
[20, 1, 2, 6, 9, 20, 5, 4, 8, 0, 20, 7, 3, 20, 20, 20, 20, 20, 20, 20]
[20, 20, 20, 6, 9, 20, 20, 1, 2, 0, 20, 20, 5, 4, 8, 20, 20, 20, 7, 3]
[20, 7, 20, 9, 20, 8, 3, 20, 20, 20, 0, 4, 1, 20, 20, 6, 2, 5, 20, 20]
[20, 7, 20, 9, 0, 20, 20, 3, 8, 20, 20, 20, 5, 4, 1, 20, 20, 20, 2, 6]
[20, 20, 9, 0, 20, 20, 20, 5, 8, 20, 20, 7, 3, 4, 1, 20, 20, 20, 2, 6]
[20, 20, 20, 20, 9, 20, 20, 5, 8, 0, 20, 7, 3, 4, 1, 20, 20, 20, 2, 6]
[20, 9, 20, 1, 2, 20, 20, 0, 4, 5, 20, 7, 3, 8, 6, 20, 20, 20, 20, 20]
[20, 6, 20, 20, 20, 1, 2, 9, 20, 20, 5, 4, 8, 0, 20, 7, 3, 20, 20, 20]
[20, 9, 20, 20, 20, 20, 0, 8, 5, 20, 20, 7, 3, 4, 1, 20, 20, 20, 2, 6]
[7, 1, 2, 0, 20, 3, 4, 5, 6, 20, 8, 9, 20, 20, 20, 20, 20, 20, 20, 20]
[9, 0, 20, 7, 20, 20, 20, 8, 3, 20, 20, 20, 5, 4, 1, 20, 20, 20, 2, 6]
[0, 1, 2, 6, 20, 8, 4, 5, 9, 20, 7, 3, 20, 20, 20, 20, 20, 20, 20, 20]
[20, 1, 2, 6, 7, 20, 5, 4, 3, 20, 20, 9, 0, 8, 20, 20, 20, 20, 20, 20]
[20, 20, 20, 6, 20, 9, 20, 1, 2, 20, 20, 0, 4, 5, 20, 7, 3, 8, 20, 20]
[20, 1, 2, 6, 20, 20, 5, 4, 8, 20, 20, 9, 0, 3, 7, 20, 20, 20, 20, 20]
[20, 6, 20, 20, 20, 1, 2, 9, 20, 20, 5, 4, 8, 0, 20, 20, 7, 3, 20, 20]
[20, 9, 0, 7, 20, 20, 20, 8, 3, 20, 20, 1, 4, 5, 20, 6, 2, 20, 20, 20]
[20, 6, 20, 20, 20, 1, 2, 7, 20, 20, 5, 4, 3, 20, 20, 9, 0, 8, 20, 20]
[0, 1, 2, 6, 20, 8, 4, 5, 9, 20, 3, 7, 20, 20, 20, 20, 20, 20, 20, 20]
[20, 20, 20, 6, 20, 7, 20, 1, 2, 20, 9, 3, 4, 5, 20, 0, 8, 20, 20, 20]
[7, 3, 5, 6, 20, 1, 4, 8, 20, 20, 2, 9, 0, 20, 20, 20, 20, 20, 20, 20]
[20, 1, 2, 6, 20, 20, 5, 4, 7, 20, 20, 9, 8, 3, 20, 20, 0, 20, 20, 20]
[20, 7, 9, 0, 20, 5, 3, 20, 20, 20, 8, 4, 1, 20, 20, 6, 2, 20, 20, 20]
[20, 7, 20, 1, 2, 20, 20, 3, 4, 5, 20, 0, 8, 9, 6, 20, 20, 20, 20, 20]
[20, 8, 0, 9, 20, 7, 3, 4, 1, 20, 20, 6, 2, 5, 20, 20, 20, 20, 20, 20]
[7, 3, 8, 0, 9, 1, 4, 5, 20, 20, 2, 6, 20, 20, 20, 20, 20, 20, 20, 20]
[7, 9, 20, 20, 20, 3, 0, 20, 20, 20, 8, 4, 1, 20, 20, 6, 2, 5, 20, 20]
[20, 1, 2, 6, 7, 20, 5, 4, 3, 20, 20, 20, 8, 9, 20, 20, 0, 20, 20, 20]
[20, 7, 20, 6, 9, 20, 20, 3, 0, 20, 20, 20, 8, 4, 1, 20, 20, 20, 2, 5]
[20, 9, 20, 7, 20, 8, 0, 20, 20, 20, 3, 4, 1, 20, 20, 6, 2, 5, 20, 20]
[20, 20, 20, 6, 9, 20, 20, 8, 0, 20, 20, 7, 3, 4, 1, 20, 20, 20, 2, 5]
[0, 8, 3, 6, 20, 1, 4, 5, 7, 20, 2, 9, 20, 20, 20, 20, 20, 20, 20, 20]
[20, 7, 20, 20, 20, 20, 20, 3, 5, 20, 20, 9, 8, 4, 1, 20, 20, 0, 2, 6]
[20, 7, 20, 20, 20, 20, 20, 3, 5, 20, 20, 1, 4, 8, 9, 6, 2, 20, 0, 20]
[7, 9, 20, 20, 20, 3, 5, 20, 20, 20, 8, 4, 1, 20, 20, 0, 2, 6, 20, 20]
[7, 3, 5, 20, 20, 9, 8, 4, 1, 20, 20, 0, 2, 6, 20, 20, 20, 20, 20, 20]
[20, 1, 2, 6, 7, 20, 5, 4, 3, 20, 20, 20, 9, 8, 20, 20, 20, 20, 20, 0]
[20, 9, 20, 20, 20, 20, 0, 8, 5, 20, 20, 1, 4, 3, 7, 6, 2, 20, 20, 20]
[20, 9, 0, 7, 20, 20, 20, 8, 3, 20, 20, 20, 5, 4, 1, 20, 20, 20, 2, 6]
[20, 0, 20, 1, 2, 20, 20, 8, 4, 5, 20, 7, 3, 9, 6, 20, 20, 20, 20, 20]
[20, 20, 20, 7, 20, 9, 20, 5, 3, 20, 20, 0, 8, 4, 1, 20, 20, 20, 2, 6]
[9, 20, 20, 6, 20, 0, 20, 1, 2, 20, 20, 8, 4, 5, 20, 7, 3, 20, 20, 20]
[20, 1, 2, 6, 20, 20, 5, 4, 8, 20, 20, 7, 3, 0, 9, 20, 20, 20, 20, 20]
[20, 9, 20, 7, 20, 20, 0, 8, 3, 20, 20, 1, 4, 5, 20, 6, 2, 20, 20, 20]
[20, 7, 20, 20, 20, 9, 20, 3, 5, 20, 20, 0, 8, 4, 1, 20, 20, 20, 2, 6]
[20, 1, 2, 6, 20, 5, 4, 9, 20, 20, 3, 8, 0, 20, 20, 7, 20, 20, 20, 20]
[20, 6, 9, 20, 20, 1, 2, 20, 20, 20, 5, 4, 8, 20, 20, 7, 3, 0, 20, 20]
[0, 7, 20, 20, 20, 8, 3, 20, 20, 20, 5, 4, 1, 20, 20, 6, 2, 9, 20, 20]
[20, 20, 0, 8, 3, 20, 20, 1, 4, 5, 20, 6, 2, 9, 7, 20, 20, 20, 20, 20]
[7, 3, 5, 20, 20, 0, 8, 4, 1, 20, 20, 6, 2, 9, 20, 20, 20, 20, 20, 20]
[20, 20, 20, 6, 7, 20, 20, 1, 2, 9, 20, 20, 5, 4, 8, 20, 20, 20, 3, 0]
[20, 1, 2, 6, 20, 20, 5, 4, 7, 20, 20, 20, 3, 8, 9, 20, 20, 20, 20, 0]
[0, 20, 20, 7, 20, 8, 5, 20, 20, 20, 3, 4, 1, 20, 20, 6, 2, 9, 20, 20]
[20, 1, 2, 6, 20, 5, 4, 9, 20, 20, 8, 3, 7, 20, 20, 0, 20, 20, 20, 20]
[20, 20, 20, 1, 2, 20, 20, 5, 4, 6, 20, 7, 3, 8, 0, 20, 20, 20, 9, 20]
[7, 3, 0, 9, 20, 20, 8, 4, 1, 20, 20, 6, 2, 5, 20, 20, 20, 20, 20, 20]
[20, 9, 0, 20, 20, 20, 20, 8, 5, 20, 20, 7, 3, 4, 1, 20, 20, 20, 2, 6]
[20, 7, 20, 20, 9, 20, 20, 3, 8, 0, 20, 1, 4, 5, 20, 6, 2, 20, 20, 20]
[20, 20, 9, 0, 20, 20, 20, 5, 8, 20, 20, 1, 4, 3, 7, 6, 2, 20, 20, 20]
[0, 8, 5, 6, 20, 1, 4, 3, 7, 20, 2, 9, 20, 20, 20, 20, 20, 20, 20, 20]
[20, 20, 20, 1, 2, 20, 20, 5, 4, 6, 20, 9, 8, 3, 7, 20, 20, 0, 20, 20]
