[20, 8, 9, 4, 5, 20, 20, 1, 3, 6, 20, 20, 0, 2, 7, 20, 20, 20, 20, 20]
[20, 8, 9, 4, 5, 20, 20, 0, 1, 6, 20, 20, 3, 2, 7, 20, 20, 20, 20, 20]
[20, 8, 9, 4, 5, 20, 20, 2, 3, 6, 20, 20, 0, 1, 7, 20, 20, 20, 20, 20]
[20, 8, 9, 4, 5, 20, 20, 1, 0, 6, 20, 20, 2, 3, 7, 20, 20, 20, 20, 20]
[20, 8, 9, 4, 5, 20, 20, 1, 0, 6, 20, 20, 3, 2, 7, 20, 20, 20, 20, 20]
[20, 8, 9, 4, 5, 20, 20, 3, 2, 6, 20, 20, 0, 1, 7, 20, 20, 20, 20, 20]
[20, 8, 9, 4, 5, 20, 20, 0, 1, 6, 20, 20, 2, 3, 7, 20, 20, 20, 20, 20]
[20, 8, 9, 4, 5, 20, 20, 2, 3, 6, 20, 20, 1, 0, 7, 20, 20, 20, 20, 20]
[20, 8, 9, 4, 5, 20, 20, 2, 1, 6, 20, 20, 3, 0, 7, 20, 20, 20, 20, 20]
[20, 8, 9, 4, 5, 20, 20, 3, 2, 6, 20, 20, 1, 0, 7, 20, 20, 20, 20, 20]
[20, 8, 9, 4, 5, 20, 20, 0, 3, 6, 20, 20, 1, 2, 7, 20, 20, 20, 20, 20]
[20, 8, 9, 4, 5, 20, 20, 0, 2, 6, 20, 20, 1, 3, 7, 20, 20, 20, 20, 20]
[20, 8, 9, 4, 5, 20, 20, 3, 0, 6, 20, 20, 2, 1, 7, 20, 20, 20, 20, 20]
[20, 8, 9, 4, 5, 20, 20, 0, 3, 6, 20, 20, 2, 1, 7, 20, 20, 20, 20, 20]
[20, 8, 9, 4, 5, 20, 20, 3, 1, 6, 20, 20, 2, 0, 7, 20, 20, 20, 20, 20]
[20, 8, 9, 4, 5, 20, 20, 1, 2, 6, 20, 20, 3, 0, 7, 20, 20, 20, 20, 20]
[20, 8, 9, 4, 5, 20, 20, 2, 0, 6, 20, 20, 1, 3, 7, 20, 20, 20, 20, 20]
[20, 8, 9, 4, 5, 20, 20, 0, 2, 6, 20, 20, 3, 1, 7, 20, 20, 20, 20, 20]
[20, 8, 9, 4, 5, 20, 20, 3, 1, 6, 20, 20, 0, 2, 7, 20, 20, 20, 20, 20]
[20, 8, 9, 4, 5, 20, 20, 1, 3, 6, 20, 20, 2, 0, 7, 20, 20, 20, 20, 20]
[20, 8, 9, 4, 5, 20, 20, 1, 2, 6, 20, 20, 0, 3, 7, 20, 20, 20, 20, 20]
[20, 8, 9, 4, 5, 20, 20, 2, 1, 6, 20, 20, 0, 3, 7, 20, 20, 20, 20, 20]
[20, 8, 9, 4, 5, 20, 20, 2, 0, 6, 20, 20, 3, 1, 7, 20, 20, 20, 20, 20]
[20, 8, 9, 4, 5, 20, 20, 3, 0, 6, 20, 20, 1, 2, 7, 20, 20, 20, 20, 20]
