[6, 0, 1, 3, 4, 20, 9, 11, 8, 5, 20, 20, 12, 7, 2, 20, 20, 20, 10, 20]
[20, 2, 3, 0, 1, 20, 9, 7, 12, 4, 6, 20, 8, 11, 5, 20, 20, 20, 10, 20]
[20, 2, 3, 0, 1, 20, 9, 7, 11, 4, 6, 5, 8, 12, 20, 20, 10, 20, 20, 20]
[20, 5, 6, 2, 3, 20, 9, 8, 7, 4, 20, 20, 11, 12, 0, 20, 20, 20, 1, 10]
[20, 2, 9, 3, 4, 20, 10, 7, 8, 5, 20, 20, 11, 12, 0, 20, 20, 20, 1, 6]
[20, 0, 1, 3, 4, 20, 9, 11, 8, 5, 20, 2, 7, 12, 6, 20, 10, 20, 20, 20]
[20, 20, 6, 0, 1, 20, 20, 12, 11, 4, 9, 5, 8, 7, 2, 20, 20, 20, 3, 10]
[20, 3, 5, 0, 1, 9, 6, 8, 12, 4, 20, 2, 7, 11, 10, 20, 20, 20, 20, 20]
[20, 0, 1, 2, 3, 20, 9, 12, 7, 4, 20, 20, 8, 11, 5, 20, 20, 20, 6, 10]
[20, 2, 9, 3, 4, 20, 10, 7, 8, 5, 20, 20, 12, 11, 0, 20, 20, 20, 1, 6]
[20, 3, 5, 0, 1, 9, 6, 8, 11, 4, 20, 2, 7, 12, 20, 20, 10, 20, 20, 20]
[9, 0, 1, 2, 3, 6, 5, 11, 7, 4, 10, 20, 8, 12, 20, 20, 20, 20, 20, 20]
[20, 0, 1, 2, 3, 20, 9, 12, 7, 4, 20, 20, 11, 8, 5, 20, 20, 20, 6, 10]
[20, 5, 6, 0, 1, 20, 10, 11, 12, 4, 9, 20, 8, 7, 2, 20, 20, 20, 3, 20]
[9, 0, 1, 2, 3, 6, 5, 11, 7, 4, 10, 20, 12, 8, 20, 20, 20, 20, 20, 20]
[20, 0, 1, 3, 4, 20, 9, 12, 8, 5, 20, 2, 7, 11, 6, 20, 20, 20, 10, 20]
[20, 2, 3, 0, 1, 20, 9, 7, 12, 4, 6, 20, 11, 8, 5, 20, 20, 20, 10, 20]
[6, 0, 1, 3, 4, 20, 9, 12, 8, 5, 20, 20, 11, 7, 2, 20, 20, 20, 10, 20]
[20, 5, 6, 0, 1, 20, 10, 11, 12, 4, 9, 2, 7, 8, 3, 20, 20, 20, 20, 20]
[20, 2, 3, 0, 1, 20, 9, 7, 11, 4, 6, 20, 12, 8, 5, 20, 20, 20, 10, 20]
[20, 20, 6, 0, 1, 20, 20, 12, 11, 4, 9, 2, 7, 8, 3, 20, 20, 20, 5, 10]
[20, 3, 5, 0, 1, 9, 6, 8, 11, 4, 20, 20, 12, 7, 2, 20, 20, 20, 10, 20]
[20, 5, 6, 2, 3, 20, 9, 8, 7, 4, 20, 20, 12, 11, 0, 20, 20, 20, 1, 10]
[20, 3, 5, 0, 1, 9, 6, 8, 12, 4, 20, 20, 11, 7, 2, 20, 20, 20, 10, 20]
