[20, 20, 20, 20, 20, 4, 20, 6, 20, 20, 20, 3, 5, 20, 20, 1, 0, 2, 20, 20]
[20, 4, 6, 20, 20, 20, 20, 1, 20, 20, 20, 20, 20, 0, 2, 20, 20, 20, 3, 5]
[20, 1, 6, 4, 20, 20, 20, 5, 3, 20, 20, 20, 2, 0, 20, 20, 20, 20, 20, 20]
[20, 6, 20, 1, 20, 20, 20, 5, 0, 20, 20, 20, 2, 3, 4, 20, 20, 20, 20, 20]
[20, 0, 5, 1, 6, 20, 2, 3, 4, 20, 20, 20, 20, 20, 20, 20, 20, 20, 20, 20]
[20, 20, 20, 20, 20, 20, 20, 1, 6, 20, 20, 0, 5, 20, 20, 4, 3, 2, 20, 20]
[20, 20, 20, 20, 4, 20, 20, 20, 6, 1, 20, 20, 20, 2, 5, 20, 20, 20, 3, 0]
[4, 3, 5, 6, 20, 20, 2, 0, 1, 20, 20, 20, 20, 20, 20, 20, 20, 20, 20, 20]
[6, 5, 2, 20, 20, 4, 3, 0, 1, 20, 20, 20, 20, 20, 20, 20, 20, 20, 20, 20]
[20, 20, 20, 20, 4, 20, 20, 20, 6, 1, 20, 20, 20, 2, 5, 20, 20, 20, 0, 3]
[20, 4, 20, 1, 20, 20, 20, 3, 0, 20, 20, 6, 5, 2, 20, 20, 20, 20, 20, 20]
[20, 1, 20, 4, 20, 20, 20, 0, 3, 20, 20, 6, 5, 2, 20, 20, 20, 20, 20, 20]
[6, 5, 2, 20, 20, 1, 0, 3, 4, 20, 20, 20, 20, 20, 20, 20, 20, 20, 20, 20]
[4, 20, 20, 6, 20, 3, 2, 20, 20, 20, 5, 0, 1, 20, 20, 20, 20, 20, 20, 20]
[20, 20, 20, 20, 6, 20, 20, 4, 20, 1, 20, 20, 20, 3, 2, 20, 20, 20, 0, 5]
[4, 1, 20, 20, 20, 3, 0, 20, 20, 20, 2, 5, 6, 20, 20, 20, 20, 20, 20, 20]
[4, 1, 6, 20, 20, 3, 5, 20, 20, 20, 0, 2, 20, 20, 20, 20, 20, 20, 20, 20]
[20, 1, 20, 20, 20, 20, 20, 0, 2, 20, 20, 4, 3, 5, 6, 20, 20, 20, 20, 20]
[20, 4, 20, 1, 6, 20, 20, 3, 5, 20, 20, 20, 2, 0, 20, 20, 20, 20, 20, 20]
[6, 5, 0, 1, 20, 20, 2, 3, 4, 20, 20, 20, 20, 20, 20, 20, 20, 20, 20, 20]
[20, 1, 6, 4, 20, 0, 5, 20, 20, 20, 3, 2, 20, 20, 20, 20, 20, 20, 20, 20]
[20, 20, 20, 1, 6, 20, 20, 0, 5, 20, 20, 20, 2, 3, 4, 20, 20, 20, 20, 20]
[20, 20, 20, 20, 6, 20, 20, 4, 20, 1, 20, 20, 20, 3, 0, 20, 20, 20, 2, 5]
[20, 20, 20, 1, 6, 20, 20, 2, 5, 20, 20, 4, 3, 0, 20, 20, 20, 20, 20, 20]
[20, 20, 20, 1, 6, 20, 20, 2, 5, 20, 20, 20, 0, 3, 4, 20, 20, 20, 20, 20]
[6, 5, 3, 4, 20, 20, 2, 0, 1, 20, 20, 20, 20, 20, 20, 20, 20, 20, 20, 20]
[20, 20, 20, 20, 6, 20, 20, 1, 20, 4, 20, 20, 20, 0, 3, 20, 20, 20, 2, 5]
[4, 3, 0, 20, 20, 1, 5, 2, 20, 20, 6, 20, 20, 20, 20, 20, 20, 20, 20, 20]
[20, 0, 3, 4, 20, 1, 5, 2, 20, 20, 6, 20, 20, 20, 20, 20, 20, 20, 20, 20]
[6, 20, 20, 20, 20, 4, 20, 20, 20, 20, 20, 3, 2, 20, 20, 1, 5, 0, 20, 20]
[20, 4, 20, 20, 20, 20, 20, 3, 2, 20, 20, 20, 0, 5, 1, 20, 20, 20, 6, 20]
[1, 20, 20, 6, 20, 0, 2, 20, 20, 20, 5, 3, 4, 20, 20, 20, 20, 20, 20, 20]
[20, 20, 20, 20, 20, 20, 20, 1, 6, 20, 20, 2, 5, 20, 20, 4, 3, 0, 20, 20]
[20, 20, 20, 20, 20, 20, 20, 6, 20, 20, 4, 2, 5, 20, 20, 1, 0, 3, 20, 20]
[20, 4, 20, 20, 20, 2, 3, 20, 20, 20, 0, 5, 1, 20, 20, 20, 6, 20, 20, 20]
[20, 2, 5, 6, 20, 4, 3, 0, 1, 20, 20, 20, 20, 20, 20, 20, 20, 20, 20, 20]
[20, 2, 5, 6, 20, 1, 0, 3, 4, 20, 20, 20, 20, 20, 20, 20, 20, 20, 20, 20]
[20, 20, 20, 20, 4, 20, 20, 20, 6, 1, 20, 20, 20, 0, 5, 20, 20, 20, 2, 3]
[20, 4, 20, 20, 20, 20, 20, 1, 6, 20, 20, 20, 20, 5, 2, 20, 20, 20, 3, 0]
[20, 4, 20, 20, 20, 20, 20, 3, 2, 20, 20, 6, 5, 0, 1, 20, 20, 20, 20, 20]
[20, 20, 20, 20, 20, 20, 20, 6, 20, 20, 4, 2, 0, 20, 20, 1, 5, 3, 20, 20]
[4, 3, 2, 20, 20, 20, 0, 5, 1, 20, 20, 20, 6, 20, 20, 20, 20, 20, 20, 20]
[20, 4, 20, 20, 20, 20, 20, 1, 6, 20, 20, 20, 20, 5, 2, 20, 20, 20, 0, 3]
[6, 5, 3, 4, 20, 1, 0, 2, 20, 20, 20, 20, 20, 20, 20, 20, 20, 20, 20, 20]
[20, 20, 20, 20, 20, 20, 20, 6, 20, 20, 4, 0, 2, 20, 20, 1, 5, 3, 20, 20]
[4, 1, 20, 6, 20, 3, 0, 20, 20, 20, 5, 2, 20, 20, 20, 20, 20, 20, 20, 20]
[6, 1, 20, 20, 20, 5, 0, 20, 20, 20, 2, 3, 4, 20, 20, 20, 20, 20, 20, 20]
[20, 2, 0, 20, 20, 1, 5, 3, 4, 20, 6, 20, 20, 20, 20, 20, 20, 20, 20, 20]
[1, 20, 20, 4, 20, 0, 2, 20, 20, 20, 3, 5, 6, 20, 20, 20, 20, 20, 20, 20]
[20, 4, 20, 6, 20, 2, 3, 20, 20, 20, 5, 0, 1, 20, 20, 20, 20, 20, 20, 20]
[20, 6, 20, 20, 20, 1, 20, 4, 20, 20, 20, 0, 3, 20, 20, 20, 2, 5, 20, 20]
[20, 20, 20, 20, 20, 6, 20, 4, 20, 20, 20, 5, 3, 20, 20, 1, 0, 2, 20, 20]
[20, 4, 6, 20, 20, 20, 20, 1, 20, 20, 20, 20, 20, 0, 2, 20, 20, 20, 5, 3]
[4, 3, 0, 20, 20, 20, 2, 5, 1, 20, 20, 20, 6, 20, 20, 20, 20, 20, 20, 20]
[20, 0, 3, 4, 20, 20, 2, 5, 1, 20, 20, 20, 6, 20, 20, 20, 20, 20, 20, 20]
[20, 20, 20, 20, 4, 20, 20, 6, 20, 1, 20, 20, 20, 5, 0, 20, 20, 20, 2, 3]
[20, 20, 20, 20, 20, 6, 20, 20, 20, 20, 4, 5, 2, 20, 20, 1, 0, 3, 20, 20]
[20, 20, 20, 20, 6, 20, 20, 4, 20, 1, 20, 20, 20, 3, 0, 20, 20, 20, 5, 2]
[20, 6, 20, 1, 20, 20, 20, 5, 0, 20, 20, 4, 3, 2, 20, 20, 20, 20, 20, 20]
[20, 6, 20, 20, 20, 20, 20, 1, 20, 20, 20, 2, 0, 20, 20, 4, 3, 5, 20, 20]
[20, 20, 20, 20, 6, 20, 20, 1, 20, 4, 20, 20, 20, 0, 3, 20, 20, 20, 5, 2]
[20, 2, 0, 20, 20, 4, 3, 5, 1, 20, 20, 20, 6, 20, 20, 20, 20, 20, 20, 20]
[20, 20, 20, 20, 6, 20, 20, 4, 20, 1, 20, 20, 20, 3, 5, 20, 20, 20, 0, 2]
[20, 6, 20, 20, 20, 4, 20, 1, 20, 20, 20, 3, 0, 20, 20, 20, 2, 5, 20, 20]
[20, 4, 20, 20, 20, 20, 20, 1, 6, 20, 20, 0, 5, 20, 20, 20, 2, 3, 20, 20]
[20, 6, 20, 20, 20, 20, 20, 4, 20, 20, 20, 0, 3, 20, 20, 1, 5, 2, 20, 20]
[1, 6, 20, 20, 20, 5, 2, 20, 20, 20, 0, 3, 4, 20, 20, 20, 20, 20, 20, 20]
[20, 20, 20, 20, 4, 20, 20, 20, 6, 1, 20, 20, 20, 2, 3, 20, 20, 20, 5, 0]
[20, 20, 20, 20, 4, 20, 20, 6, 20, 1, 20, 20, 20, 5, 0, 20, 20, 20, 3, 2]
[20, 20, 20, 4, 20, 20, 20, 2, 3, 20, 20, 20, 0, 5, 1, 20, 20, 20, 6, 20]
[20, 20, 20, 1, 6, 20, 20, 0, 5, 20, 20, 4, 3, 2, 20, 20, 20, 20, 20, 20]
[20, 20, 20, 20, 20, 4, 20, 1, 6, 20, 20, 3, 5, 20, 20, 20, 2, 0, 20, 20]
[20, 20, 20, 20, 20, 1, 6, 20, 20, 20, 20, 5, 2, 20, 20, 4, 3, 0, 20, 20]
[20, 20, 20, 20, 4, 20, 20, 20, 6, 1, 20, 20, 20, 2, 0, 20, 20, 20, 5, 3]
[20, 20, 20, 20, 20, 20, 20, 1, 6, 4, 20, 20, 20, 5, 3, 20, 20, 20, 0, 2]
[20, 1, 6, 20, 20, 0, 5, 20, 20, 20, 2, 3, 4, 20, 20, 20, 20, 20, 20, 20]
[20, 4, 20, 1, 6, 20, 20, 3, 5, 20, 20, 20, 0, 2, 20, 20, 20, 20, 20, 20]
[20, 20, 20, 1, 20, 20, 20, 2, 0, 20, 20, 4, 3, 5, 6, 20, 20, 20, 20, 20]
[20, 0, 2, 20, 20, 1, 5, 3, 4, 20, 6, 20, 20, 20, 20, 20, 20, 20, 20, 20]
[1, 4, 20, 6, 20, 0, 3, 20, 20, 20, 5, 2, 20, 20, 20, 20, 20, 20, 20, 20]
[20, 20, 20, 4, 20, 20, 20, 2, 3, 20, 20, 6, 5, 0, 1, 20, 20, 20, 20, 20]
[4, 3, 2, 20, 20, 6, 5, 0, 1, 20, 20, 20, 20, 20, 20, 20, 20, 20, 20, 20]
[6, 20, 20, 20, 20, 4, 20, 20, 20, 20, 20, 3, 2, 20, 20, 1, 0, 5, 20, 20]
[20, 0, 5, 1, 20, 4, 3, 2, 6, 20, 20, 20, 20, 20, 20, 20, 20, 20, 20, 20]
[20, 20, 20, 20, 4, 20, 20, 20, 6, 1, 20, 20, 20, 2, 3, 20, 20, 20, 0, 5]
[20, 20, 20, 20, 20, 1, 6, 4, 20, 20, 20, 5, 3, 20, 20, 20, 2, 0, 20, 20]
[1, 6, 20, 4, 20, 5, 2, 20, 20, 20, 3, 0, 20, 20, 20, 20, 20, 20, 20, 20]
[6, 20, 20, 20, 20, 4, 20, 20, 20, 20, 20, 3, 0, 20, 20, 1, 5, 2, 20, 20]
[4, 3, 5, 6, 20, 1, 0, 2, 20, 20, 20, 20, 20, 20, 20, 20, 20, 20, 20, 20]
[6, 20, 20, 20, 20, 1, 20, 20, 20, 20, 20, 0, 2, 20, 20, 4, 3, 5, 20, 20]
[6, 1, 20, 4, 20, 5, 0, 20, 20, 20, 3, 2, 20, 20, 20, 20, 20, 20, 20, 20]
[20, 20, 20, 1, 20, 20, 20, 2, 0, 20, 20, 6, 5, 3, 4, 20, 20, 20, 20, 20]
[20, 4, 20, 20, 20, 6, 20, 1, 20, 20, 20, 5, 0, 20, 20, 20, 2, 3, 20, 20]
[20, 20, 20, 20, 4, 20, 20, 20, 6, 1, 20, 20, 20, 2, 0, 20, 20, 20, 3, 5]
[20, 1, 20, 20, 20, 20, 20, 0, 2, 20, 20, 6, 5, 3, 4, 20, 20, 20, 20, 20]
[20, 0, 2, 20, 20, 4, 3, 5, 1, 20, 20, 20, 6, 20, 20, 20, 20, 20, 20, 20]
[20, 6, 20, 20, 20, 20, 20, 4, 20, 20, 20, 2, 3, 20, 20, 1, 5, 0, 20, 20]
[20, 20, 20, 20, 6, 20, 20, 4, 20, 1, 20, 20, 20, 3, 5, 20, 20, 20, 2, 0]
[1, 4, 6, 20, 20, 5, 3, 20, 20, 20, 0, 2, 20, 20, 20, 20, 20, 20, 20, 20]
[20, 4, 20, 1, 20, 20, 20, 3, 0, 20, 20, 20, 2, 5, 6, 20, 20, 20, 20, 20]
[20, 2, 3, 4, 20, 6, 5, 0, 1, 20, 20, 20, 20, 20, 20, 20, 20, 20, 20, 20]
[20, 1, 20, 4, 20, 2, 0, 20, 20, 20, 3, 5, 6, 20, 20, 20, 20, 20, 20, 20]
[20, 1, 20, 4, 20, 20, 20, 0, 3, 20, 20, 20, 2, 5, 6, 20, 20, 20, 20, 20]
[4, 20, 20, 20, 20, 3, 2, 20, 20, 20, 0, 5, 1, 20, 20, 20, 6, 20, 20, 20]
[6, 5, 0, 1, 20, 4, 3, 2, 20, 20, 20, 20, 20, 20, 20, 20, 20, 20, 20, 20]
[1, 4, 6, 20, 20, 5, 3, 20, 20, 20, 2, 0, 20, 20, 20, 20, 20, 20, 20, 20]
[20, 20, 20, 20, 20, 6, 20, 1, 20, 20, 20, 5, 0, 20, 20, 4, 3, 2, 20, 20]
[20, 20, 20, 20, 20, 20, 20, 1, 6, 4, 20, 20, 20, 5, 3, 20, 20, 20, 2, 0]
[20, 1, 6, 20, 20, 2, 5, 20, 20, 20, 0, 3, 4, 20, 20, 20, 20, 20, 20, 20]
[20, 6, 20, 20, 20, 20, 20, 4, 20, 20, 20, 2, 3, 20, 20, 1, 0, 5, 20, 20]
[20, 20, 20, 20, 6, 20, 20, 4, 20, 1, 20, 20, 20, 3, 2, 20, 20, 20, 5, 0]
[20, 1, 20, 6, 20, 2, 0, 20, 20, 20, 5, 3, 4, 20, 20, 20, 20, 20, 20, 20]
[20, 1, 6, 20, 20, 20, 20, 5, 2, 20, 20, 4, 3, 0, 20, 20, 20, 20, 20, 20]
[20, 2, 3, 4, 20, 20, 0, 5, 1, 20, 20, 20, 6, 20, 20, 20, 20, 20, 20, 20]
[20, 20, 20, 20, 4, 20, 20, 20, 6, 1, 20, 20, 20, 0, 5, 20, 20, 20, 3, 2]
[4, 1, 6, 20, 20, 3, 5, 20, 20, 20, 2, 0, 20, 20, 20, 20, 20, 20, 20, 20]
[20, 1, 6, 20, 20, 20, 20, 5, 2, 20, 20, 20, 0, 3, 4, 20, 20, 20, 20, 20]
[1, 4, 20, 20, 20, 0, 3, 20, 20, 20, 2, 5, 6, 20, 20, 20, 20, 20, 20, 20]
[20, 1, 6, 4, 20, 2, 5, 20, 20, 20, 3, 0, 20, 20, 20, 20, 20, 20, 20, 20]
[20, 1, 6, 4, 20, 20, 20, 5, 3, 20, 20, 20, 0, 2, 20, 20, 20, 20, 20, 20]
