[20, 20, 20, 20, 4, 20, 20, 20, 6, 3, 20, 20, 20, 2, 5, 20, 20, 20, 1, 0]
[20, 3, 4, 20, 20, 1, 5, 6, 20, 20, 2, 0, 20, 20, 20, 20, 20, 20, 20, 20]
[6, 20, 20, 20, 20, 3, 20, 20, 20, 20, 20, 0, 2, 20, 20, 4, 1, 5, 20, 20]
[20, 3, 4, 20, 20, 0, 5, 6, 20, 20, 1, 2, 20, 20, 20, 20, 20, 20, 20, 20]
[4, 20, 20, 20, 20, 1, 2, 20, 20, 20, 0, 5, 3, 20, 20, 20, 6, 20, 20, 20]
[20, 0, 2, 20, 20, 20, 1, 5, 3, 20, 20, 20, 4, 6, 20, 20, 20, 20, 20, 20]
[20, 20, 20, 20, 20, 3, 6, 4, 20, 20, 20, 5, 1, 20, 20, 20, 2, 0, 20, 20]
[20, 0, 5, 3, 6, 20, 2, 1, 4, 20, 20, 20, 20, 20, 20, 20, 20, 20, 20, 20]
[6, 20, 20, 20, 20, 4, 20, 20, 20, 20, 20, 1, 2, 20, 20, 3, 5, 0, 20, 20]
[20, 20, 20, 20, 20, 20, 20, 4, 6, 3, 20, 20, 20, 5, 0, 20, 20, 20, 2, 1]
[20, 3, 4, 6, 20, 1, 0, 20, 20, 20, 5, 2, 20, 20, 20, 20, 20, 20, 20, 20]
[20, 20, 20, 4, 20, 20, 20, 2, 1, 20, 20, 6, 5, 0, 3, 20, 20, 20, 20, 20]
[20, 2, 1, 20, 20, 20, 0, 5, 3, 20, 20, 20, 4, 6, 20, 20, 20, 20, 20, 20]
[20, 20, 20, 20, 6, 20, 20, 3, 20, 4, 20, 20, 20, 0, 1, 20, 20, 20, 2, 5]
[20, 20, 20, 20, 4, 20, 20, 20, 6, 3, 20, 20, 20, 2, 5, 20, 20, 20, 0, 1]
[6, 5, 1, 20, 20, 3, 0, 2, 20, 20, 4, 20, 20, 20, 20, 20, 20, 20, 20, 20]
[20, 20, 20, 20, 4, 20, 20, 20, 6, 3, 20, 20, 20, 2, 0, 20, 20, 20, 5, 1]
[20, 20, 20, 6, 20, 20, 20, 3, 4, 20, 20, 20, 20, 0, 2, 20, 20, 20, 5, 1]
[20, 3, 6, 4, 20, 20, 20, 5, 1, 20, 20, 20, 2, 0, 20, 20, 20, 20, 20, 20]
[20, 20, 20, 20, 6, 20, 20, 4, 20, 3, 20, 20, 20, 1, 0, 20, 20, 20, 2, 5]
[20, 20, 20, 0, 2, 20, 20, 3, 5, 1, 20, 20, 6, 20, 4, 20, 20, 20, 20, 20]
[20, 20, 20, 20, 20, 20, 20, 3, 4, 20, 20, 20, 6, 5, 2, 20, 20, 20, 1, 0]
[20, 4, 20, 20, 20, 20, 20, 1, 2, 20, 20, 6, 5, 0, 3, 20, 20, 20, 20, 20]
[20, 3, 4, 20, 20, 0, 5, 6, 20, 20, 2, 1, 20, 20, 20, 20, 20, 20, 20, 20]
[20, 20, 20, 20, 4, 20, 20, 20, 6, 3, 20, 20, 20, 2, 0, 20, 20, 20, 1, 5]
[20, 20, 20, 20, 6, 20, 20, 4, 20, 3, 20, 20, 20, 1, 5, 20, 20, 20, 0, 2]
[20, 20, 20, 20, 6, 20, 20, 3, 20, 4, 20, 20, 20, 0, 1, 20, 20, 20, 5, 2]
[20, 6, 20, 3, 4, 20, 20, 5, 0, 20, 20, 20, 1, 2, 20, 20, 20, 20, 20, 20]
[20, 20, 20, 20, 20, 20, 20, 3, 4, 20, 20, 20, 6, 5, 2, 20, 20, 20, 0, 1]
[20, 1, 0, 20, 20, 3, 5, 2, 20, 20, 4, 6, 20, 20, 20, 20, 20, 20, 20, 20]
[20, 4, 20, 20, 20, 2, 1, 20, 20, 20, 0, 5, 3, 20, 20, 20, 6, 20, 20, 20]
[20, 6, 20, 20, 20, 20, 20, 4, 20, 20, 20, 2, 1, 20, 20, 3, 5, 0, 20, 20]
[20, 6, 20, 20, 20, 20, 20, 3, 20, 20, 20, 2, 0, 20, 20, 4, 1, 5, 20, 20]
[20, 20, 20, 20, 20, 20, 20, 3, 4, 20, 20, 1, 5, 6, 20, 20, 2, 0, 20, 20]
[20, 20, 20, 1, 2, 20, 20, 4, 5, 0, 20, 20, 6, 20, 3, 20, 20, 20, 20, 20]
[20, 20, 20, 3, 4, 20, 20, 2, 5, 6, 20, 20, 1, 0, 20, 20, 20, 20, 20, 20]
[3, 20, 20, 20, 20, 0, 2, 20, 20, 20, 1, 5, 4, 20, 20, 20, 6, 20, 20, 20]
[20, 20, 20, 20, 20, 6, 20, 4, 20, 20, 20, 5, 1, 20, 20, 3, 0, 2, 20, 20]
[20, 1, 2, 20, 20, 20, 0, 5, 3, 20, 20, 20, 4, 6, 20, 20, 20, 20, 20, 20]
[20, 20, 20, 20, 4, 20, 20, 20, 6, 3, 20, 20, 20, 2, 1, 20, 20, 20, 5, 0]
[20, 3, 4, 20, 20, 20, 20, 0, 2, 20, 20, 20, 1, 5, 6, 20, 20, 20, 20, 20]
[3, 4, 6, 20, 20, 5, 1, 20, 20, 20, 2, 0, 20, 20, 20, 20, 20, 20, 20, 20]
[20, 6, 20, 3, 4, 20, 20, 5, 0, 20, 20, 20, 2, 1, 20, 20, 20, 20, 20, 20]
[20, 20, 20, 3, 4, 20, 20, 0, 5, 6, 20, 20, 2, 1, 20, 20, 20, 20, 20, 20]
[4, 20, 20, 6, 20, 1, 2, 20, 20, 20, 5, 0, 3, 20, 20, 20, 20, 20, 20, 20]
[20, 3, 20, 4, 20, 20, 20, 0, 1, 20, 20, 20, 2, 5, 6, 20, 20, 20, 20, 20]
[3, 6, 20, 20, 20, 5, 2, 20, 20, 20, 1, 0, 4, 20, 20, 20, 20, 20, 20, 20]
[20, 20, 20, 20, 6, 20, 20, 4, 20, 3, 20, 20, 20, 1, 5, 20, 20, 20, 2, 0]
[20, 20, 20, 4, 20, 20, 20, 2, 1, 20, 20, 20, 0, 5, 3, 20, 20, 20, 6, 20]
[20, 20, 20, 20, 20, 6, 20, 3, 4, 20, 20, 5, 0, 20, 20, 20, 2, 1, 20, 20]
[20, 20, 20, 20, 4, 20, 20, 20, 6, 3, 20, 20, 20, 2, 1, 20, 20, 20, 0, 5]
[3, 4, 20, 6, 20, 0, 1, 20, 20, 20, 5, 2, 20, 20, 20, 20, 20, 20, 20, 20]
[20, 3, 6, 4, 20, 20, 20, 5, 1, 20, 20, 20, 0, 2, 20, 20, 20, 20, 20, 20]
[20, 0, 5, 3, 20, 4, 1, 2, 6, 20, 20, 20, 20, 20, 20, 20, 20, 20, 20, 20]
[6, 5, 1, 20, 20, 20, 2, 0, 3, 20, 20, 20, 4, 20, 20, 20, 20, 20, 20, 20]
[20, 20, 20, 3, 4, 20, 20, 2, 0, 20, 20, 20, 1, 5, 6, 20, 20, 20, 20, 20]
[20, 3, 4, 20, 20, 20, 6, 5, 2, 20, 20, 20, 1, 0, 20, 20, 20, 20, 20, 20]
[20, 3, 20, 4, 20, 20, 20, 0, 1, 20, 20, 6, 5, 2, 20, 20, 20, 20, 20, 20]
[20, 1, 2, 20, 20, 6, 5, 0, 3, 20, 20, 20, 4, 20, 20, 20, 20, 20, 20, 20]
[20, 20, 20, 20, 20, 20, 20, 3, 4, 20, 20, 0, 5, 6, 20, 20, 2, 1, 20, 20]
[3, 4, 20, 20, 20, 0, 1, 20, 20, 20, 2, 5, 6, 20, 20, 20, 20, 20, 20, 20]
[3, 4, 6, 20, 20, 5, 1, 20, 20, 20, 0, 2, 20, 20, 20, 20, 20, 20, 20, 20]
[6, 5, 0, 3, 20, 4, 1, 2, 20, 20, 20, 20, 20, 20, 20, 20, 20, 20, 20, 20]
[20, 6, 20, 20, 20, 20, 20, 4, 20, 20, 20, 2, 1, 20, 20, 3, 0, 5, 20, 20]
[20, 3, 4, 20, 20, 2, 5, 6, 20, 20, 1, 0, 20, 20, 20, 20, 20, 20, 20, 20]
[20, 4, 20, 20, 20, 20, 20, 1, 2, 20, 20, 20, 0, 5, 3, 20, 20, 20, 6, 20]
[20, 4, 20, 6, 20, 2, 1, 20, 20, 20, 5, 0, 3, 20, 20, 20, 20, 20, 20, 20]
[20, 20, 20, 20, 20, 20, 20, 4, 6, 20, 20, 1, 5, 20, 20, 3, 0, 2, 20, 20]
[6, 5, 0, 3, 20, 20, 2, 1, 4, 20, 20, 20, 20, 20, 20, 20, 20, 20, 20, 20]
[20, 3, 4, 20, 20, 2, 0, 20, 20, 20, 1, 5, 6, 20, 20, 20, 20, 20, 20, 20]
[20, 2, 5, 6, 20, 20, 1, 0, 3, 20, 20, 20, 4, 20, 20, 20, 20, 20, 20, 20]
[20, 6, 20, 20, 20, 20, 20, 4, 20, 20, 20, 0, 1, 20, 20, 3, 5, 2, 20, 20]
[20, 20, 20, 20, 20, 4, 6, 20, 20, 20, 20, 5, 2, 20, 20, 3, 0, 1, 20, 20]
[20, 0, 1, 20, 20, 20, 2, 5, 3, 20, 20, 20, 4, 6, 20, 20, 20, 20, 20, 20]
[20, 20, 20, 20, 20, 3, 6, 20, 20, 20, 20, 5, 2, 20, 20, 4, 1, 0, 20, 20]
[20, 2, 5, 6, 20, 3, 0, 1, 4, 20, 20, 20, 20, 20, 20, 20, 20, 20, 20, 20]
[20, 20, 20, 6, 20, 20, 20, 3, 4, 20, 20, 20, 20, 0, 2, 20, 20, 20, 1, 5]
[20, 20, 20, 3, 4, 20, 20, 1, 5, 6, 20, 20, 2, 0, 20, 20, 20, 20, 20, 20]
[3, 20, 20, 6, 20, 0, 2, 20, 20, 20, 5, 1, 4, 20, 20, 20, 20, 20, 20, 20]
[20, 20, 20, 20, 6, 20, 20, 4, 20, 3, 20, 20, 20, 0, 5, 20, 20, 20, 2, 1]
[6, 3, 4, 20, 20, 5, 0, 20, 20, 20, 1, 2, 20, 20, 20, 20, 20, 20, 20, 20]
[20, 20, 20, 20, 20, 20, 20, 3, 6, 4, 20, 20, 20, 5, 1, 20, 20, 20, 0, 2]
[20, 2, 0, 20, 20, 3, 5, 1, 4, 20, 6, 20, 20, 20, 20, 20, 20, 20, 20, 20]
[20, 20, 3, 0, 5, 20, 20, 6, 2, 1, 20, 20, 20, 20, 4, 20, 20, 20, 20, 20]
[20, 0, 2, 20, 20, 3, 5, 1, 4, 20, 6, 20, 20, 20, 20, 20, 20, 20, 20, 20]
[20, 2, 0, 20, 20, 20, 1, 5, 3, 20, 20, 20, 4, 6, 20, 20, 20, 20, 20, 20]
[20, 20, 20, 3, 4, 20, 20, 0, 5, 6, 20, 20, 1, 2, 20, 20, 20, 20, 20, 20]
[6, 3, 4, 20, 20, 5, 0, 20, 20, 20, 2, 1, 20, 20, 20, 20, 20, 20, 20, 20]
[20, 20, 20, 20, 6, 20, 20, 4, 20, 3, 20, 20, 20, 1, 0, 20, 20, 20, 5, 2]
[20, 20, 20, 6, 20, 20, 20, 3, 4, 20, 20, 1, 0, 20, 20, 20, 2, 5, 20, 20]
[6, 5, 2, 20, 20, 20, 1, 0, 3, 20, 20, 20, 4, 20, 20, 20, 20, 20, 20, 20]
[20, 6, 20, 20, 20, 3, 20, 4, 20, 20, 20, 0, 1, 20, 20, 20, 2, 5, 20, 20]
[20, 20, 20, 20, 20, 20, 20, 4, 6, 20, 20, 2, 5, 20, 20, 3, 0, 1, 20, 20]
[20, 1, 5, 6, 20, 3, 0, 2, 20, 20, 4, 20, 20, 20, 20, 20, 20, 20, 20, 20]
[20, 6, 20, 20, 20, 20, 20, 4, 20, 20, 20, 2, 0, 20, 20, 3, 5, 1, 20, 20]
[20, 0, 1, 20, 20, 3, 5, 2, 20, 20, 4, 6, 20, 20, 20, 20, 20, 20, 20, 20]
[20, 20, 20, 20, 20, 20, 20, 3, 6, 20, 20, 2, 5, 20, 20, 4, 1, 0, 20, 20]
[6, 5, 2, 20, 20, 3, 0, 1, 4, 20, 20, 20, 20, 20, 20, 20, 20, 20, 20, 20]
[20, 3, 4, 20, 20, 1, 5, 6, 20, 20, 0, 2, 20, 20, 20, 20, 20, 20, 20, 20]
[6, 20, 20, 20, 20, 4, 20, 20, 20, 20, 20, 0, 2, 20, 20, 3, 5, 1, 20, 20]
[20, 20, 20, 20, 6, 20, 20, 4, 20, 3, 20, 20, 20, 1, 2, 20, 20, 20, 0, 5]
[3, 6, 20, 20, 20, 5, 2, 20, 20, 20, 0, 1, 4, 20, 20, 20, 20, 20, 20, 20]
[20, 20, 20, 20, 20, 20, 20, 3, 6, 20, 20, 0, 5, 20, 20, 4, 1, 2, 20, 20]
[20, 1, 0, 20, 20, 20, 2, 5, 3, 20, 20, 20, 4, 6, 20, 20, 20, 20, 20, 20]
[6, 20, 20, 20, 20, 4, 20, 20, 20, 20, 20, 1, 2, 20, 20, 3, 0, 5, 20, 20]
[20, 6, 20, 20, 20, 20, 20, 4, 20, 20, 20, 1, 0, 20, 20, 3, 5, 2, 20, 20]
[20, 2, 1, 20, 20, 6, 5, 0, 3, 20, 20, 20, 4, 20, 20, 20, 20, 20, 20, 20]
[20, 20, 20, 20, 20, 6, 20, 3, 20, 20, 20, 5, 0, 20, 20, 4, 1, 2, 20, 20]
[20, 20, 20, 3, 4, 20, 20, 2, 5, 6, 20, 20, 0, 1, 20, 20, 20, 20, 20, 20]
[20, 20, 20, 3, 4, 20, 20, 2, 0, 20, 20, 6, 5, 1, 20, 20, 20, 20, 20, 20]
[20, 1, 5, 6, 20, 20, 2, 0, 3, 20, 20, 20, 4, 20, 20, 20, 20, 20, 20, 20]
[20, 20, 20, 3, 4, 20, 20, 1, 0, 20, 20, 20, 2, 5, 6, 20, 20, 20, 20, 20]
[20, 3, 4, 20, 20, 20, 20, 0, 2, 20, 20, 6, 5, 1, 20, 20, 20, 20, 20, 20]
[20, 20, 20, 20, 20, 20, 20, 3, 6, 4, 20, 20, 20, 5, 1, 20, 20, 20, 2, 0]
[20, 20, 20, 20, 6, 20, 20, 4, 20, 3, 20, 20, 20, 1, 2, 20, 20, 20, 5, 0]
[20, 20, 20, 20, 6, 20, 20, 4, 20, 3, 20, 20, 20, 0, 5, 20, 20, 20, 1, 2]
[20, 3, 4, 20, 20, 2, 5, 6, 20, 20, 0, 1, 20, 20, 20, 20, 20, 20, 20, 20]
[20, 3, 4, 20, 20, 20, 6, 5, 2, 20, 20, 20, 0, 1, 20, 20, 20, 20, 20, 20]
[20, 20, 20, 20, 20, 20, 20, 4, 6, 3, 20, 20, 20, 5, 0, 20, 20, 20, 1, 2]
[20, 20, 20, 3, 4, 20, 20, 1, 0, 20, 20, 6, 5, 2, 20, 20, 20, 20, 20, 20]
[20, 20, 4, 1, 5, 20, 20, 6, 2, 0, 20, 20, 20, 20, 3, 20, 20, 20, 20, 20]
[20, 20, 20, 3, 4, 20, 20, 1, 5, 6, 20, 20, 0, 2, 20, 20, 20, 20, 20, 20]
[20, 3, 4, 6, 20, 2, 0, 20, 20, 20, 5, 1, 20, 20, 20, 20, 20, 20, 20, 20]
[20, 3, 4, 20, 20, 1, 0, 20, 20, 20, 2, 5, 6, 20, 20, 20, 20, 20, 20, 20]
