[20, 1, 7, 0, 2, 20, 8, 3, 6, 9, 20, 20, 5, 4, 20, 20, 20, 20, 20, 20]
[20, 0, 2, 1, 7, 20, 9, 6, 3, 8, 20, 20, 5, 4, 20, 20, 20, 20, 20, 20]
[20, 1, 8, 0, 2, 20, 20, 5, 6, 7, 9, 20, 4, 3, 20, 20, 20, 20, 20, 20]
[20, 1, 8, 0, 2, 20, 20, 5, 6, 7, 9, 20, 3, 4, 20, 20, 20, 20, 20, 20]
[20, 0, 9, 1, 7, 20, 20, 5, 3, 8, 20, 20, 4, 6, 2, 20, 20, 20, 20, 20]
[20, 2, 8, 0, 1, 20, 9, 6, 5, 7, 20, 20, 3, 4, 20, 20, 20, 20, 20, 20]
[20, 7, 8, 0, 1, 20, 9, 3, 5, 20, 20, 20, 4, 6, 2, 20, 20, 20, 20, 20]
[20, 0, 9, 1, 7, 20, 20, 5, 3, 8, 20, 20, 6, 4, 2, 20, 20, 20, 20, 20]
[20, 2, 8, 0, 1, 20, 9, 4, 5, 7, 20, 20, 6, 3, 20, 20, 20, 20, 20, 20]
[20, 7, 8, 0, 1, 20, 9, 3, 5, 20, 20, 20, 6, 4, 2, 20, 20, 20, 20, 20]
[20, 0, 2, 1, 7, 20, 9, 4, 3, 8, 20, 20, 6, 5, 20, 20, 20, 20, 20, 20]
[20, 1, 7, 0, 2, 20, 8, 3, 6, 9, 20, 20, 4, 5, 20, 20, 20, 20, 20, 20]
[20, 1, 8, 0, 2, 20, 9, 4, 6, 7, 20, 20, 3, 5, 20, 20, 20, 20, 20, 20]
[20, 8, 9, 0, 1, 20, 20, 3, 4, 2, 20, 20, 5, 6, 7, 20, 20, 20, 20, 20]
[20, 0, 2, 1, 7, 20, 9, 4, 3, 8, 20, 20, 5, 6, 20, 20, 20, 20, 20, 20]
[20, 9, 8, 0, 1, 20, 20, 6, 4, 2, 20, 20, 3, 5, 7, 20, 20, 20, 20, 20]
[20, 20, 8, 0, 1, 20, 20, 5, 4, 2, 9, 20, 3, 6, 7, 20, 20, 20, 20, 20]
[20, 9, 8, 0, 1, 20, 20, 6, 4, 2, 20, 20, 5, 3, 7, 20, 20, 20, 20, 20]
[20, 8, 9, 0, 1, 20, 20, 3, 4, 2, 20, 20, 6, 5, 7, 20, 20, 20, 20, 20]
[20, 2, 8, 0, 1, 20, 9, 4, 5, 7, 20, 20, 3, 6, 20, 20, 20, 20, 20, 20]
[20, 1, 8, 0, 2, 20, 9, 4, 6, 7, 20, 20, 5, 3, 20, 20, 20, 20, 20, 20]
[20, 20, 8, 0, 1, 20, 20, 5, 4, 2, 9, 20, 6, 3, 7, 20, 20, 20, 20, 20]
[20, 2, 8, 0, 1, 20, 9, 6, 5, 7, 20, 20, 4, 3, 20, 20, 20, 20, 20, 20]
[20, 0, 2, 1, 7, 20, 9, 6, 3, 8, 20, 20, 4, 5, 20, 20, 20, 20, 20, 20]
