[20, 20, 20, 2, 1, 20, 20, 6, 5, 0, 20, 20, 9, 3, 7, 20, 20, 20, 4, 8]
[20, 20, 20, 2, 1, 20, 20, 6, 5, 0, 20, 20, 9, 8, 7, 20, 20, 20, 3, 4]
[1, 5, 6, 20, 20, 0, 20, 2, 9, 20, 20, 7, 8, 20, 20, 20, 3, 4, 20, 20]
[2, 5, 6, 20, 20, 1, 20, 4, 3, 20, 20, 0, 7, 8, 9, 20, 20, 20, 20, 20]
[20, 2, 6, 5, 20, 1, 9, 8, 4, 20, 20, 0, 7, 3, 20, 20, 20, 20, 20, 20]
[20, 2, 1, 0, 20, 3, 8, 6, 9, 20, 7, 4, 5, 20, 20, 20, 20, 20, 20, 20]
[1, 0, 5, 6, 20, 4, 7, 20, 20, 20, 3, 8, 2, 20, 20, 20, 9, 20, 20, 20]
[0, 7, 8, 9, 20, 1, 4, 3, 20, 20, 2, 5, 6, 20, 20, 20, 20, 20, 20, 20]
[20, 2, 1, 0, 20, 3, 4, 5, 6, 20, 7, 8, 9, 20, 20, 20, 20, 20, 20, 20]
[9, 8, 7, 0, 1, 20, 3, 4, 2, 20, 20, 6, 5, 20, 20, 20, 20, 20, 20, 20]
[5, 4, 7, 0, 1, 2, 8, 3, 6, 20, 9, 20, 20, 20, 20, 20, 20, 20, 20, 20]
[1, 0, 20, 20, 20, 6, 20, 7, 3, 20, 20, 5, 4, 8, 2, 20, 20, 20, 9, 20]
[6, 20, 20, 20, 20, 5, 20, 2, 9, 20, 1, 4, 8, 20, 20, 0, 7, 3, 20, 20]
[20, 20, 20, 2, 1, 20, 20, 6, 5, 0, 20, 20, 9, 3, 8, 20, 20, 20, 4, 7]
[6, 8, 7, 0, 1, 5, 4, 3, 2, 9, 20, 20, 20, 20, 20, 20, 20, 20, 20, 20]
[20, 20, 6, 5, 2, 20, 20, 3, 4, 1, 20, 9, 8, 7, 0, 20, 20, 20, 20, 20]
[2, 5, 1, 0, 20, 8, 4, 6, 9, 20, 7, 3, 20, 20, 20, 20, 20, 20, 20, 20]
[20, 2, 1, 0, 20, 6, 5, 4, 7, 20, 20, 20, 3, 8, 9, 20, 20, 20, 20, 20]
[6, 5, 20, 20, 2, 20, 20, 4, 3, 1, 20, 9, 8, 7, 0, 20, 20, 20, 20, 20]
[5, 4, 8, 1, 2, 6, 3, 7, 0, 9, 20, 20, 20, 20, 20, 20, 20, 20, 20, 20]
[20, 2, 1, 0, 20, 20, 20, 3, 7, 6, 20, 9, 8, 4, 5, 20, 20, 20, 20, 20]
[1, 6, 9, 20, 20, 0, 20, 5, 20, 20, 20, 7, 4, 20, 20, 2, 8, 3, 20, 20]
[20, 9, 20, 20, 2, 6, 20, 8, 3, 1, 20, 5, 4, 7, 0, 20, 20, 20, 20, 20]
[5, 4, 7, 0, 1, 6, 3, 8, 2, 20, 20, 20, 9, 20, 20, 20, 20, 20, 20, 20]
[0, 1, 5, 2, 20, 7, 4, 6, 20, 20, 8, 3, 20, 20, 20, 9, 20, 20, 20, 20]
[20, 20, 20, 2, 1, 20, 20, 6, 5, 0, 20, 20, 9, 8, 3, 20, 20, 20, 4, 7]
[20, 20, 20, 2, 1, 20, 20, 6, 5, 0, 20, 20, 9, 8, 7, 20, 20, 20, 4, 3]
[1, 3, 8, 2, 6, 0, 7, 4, 5, 9, 20, 20, 20, 20, 20, 20, 20, 20, 20, 20]
[1, 0, 20, 20, 20, 20, 20, 7, 3, 6, 20, 2, 8, 4, 5, 20, 9, 20, 20, 20]
[0, 7, 8, 6, 9, 1, 3, 4, 5, 20, 2, 20, 20, 20, 20, 20, 20, 20, 20, 20]
[2, 1, 5, 6, 20, 20, 9, 0, 20, 20, 20, 20, 20, 7, 3, 20, 20, 20, 4, 8]
[5, 2, 6, 9, 20, 4, 3, 1, 20, 20, 8, 7, 0, 20, 20, 20, 20, 20, 20, 20]
[1, 0, 5, 2, 20, 4, 7, 6, 20, 20, 8, 3, 20, 20, 20, 9, 20, 20, 20, 20]
[0, 7, 3, 6, 20, 1, 8, 4, 5, 20, 2, 9, 20, 20, 20, 20, 20, 20, 20, 20]
[20, 2, 9, 20, 20, 1, 20, 8, 3, 6, 20, 0, 7, 4, 5, 20, 20, 20, 20, 20]
[20, 1, 20, 6, 5, 20, 20, 0, 9, 2, 20, 20, 20, 7, 8, 20, 20, 20, 3, 4]
[5, 2, 1, 0, 20, 4, 3, 6, 20, 20, 7, 8, 9, 20, 20, 20, 20, 20, 20, 20]
[6, 1, 9, 20, 20, 5, 20, 0, 20, 20, 20, 4, 7, 20, 20, 2, 8, 3, 20, 20]
[5, 2, 6, 20, 20, 4, 8, 1, 9, 20, 3, 7, 0, 20, 20, 20, 20, 20, 20, 20]
[20, 2, 5, 6, 20, 3, 4, 1, 20, 20, 8, 7, 0, 20, 20, 9, 20, 20, 20, 20]
[1, 8, 3, 9, 20, 0, 7, 4, 2, 20, 20, 6, 5, 20, 20, 20, 20, 20, 20, 20]
[20, 1, 20, 6, 5, 20, 20, 0, 9, 2, 20, 20, 20, 7, 8, 20, 20, 20, 4, 3]
[20, 20, 20, 2, 9, 1, 20, 3, 8, 6, 20, 0, 7, 4, 5, 20, 20, 20, 20, 20]
[1, 0, 20, 2, 9, 20, 20, 7, 8, 6, 20, 20, 3, 4, 5, 20, 20, 20, 20, 20]
[1, 8, 4, 5, 6, 0, 7, 3, 2, 9, 20, 20, 20, 20, 20, 20, 20, 20, 20, 20]
[9, 2, 5, 6, 20, 8, 4, 1, 20, 20, 3, 7, 0, 20, 20, 20, 20, 20, 20, 20]
[6, 5, 20, 20, 20, 20, 20, 2, 9, 20, 1, 3, 8, 20, 20, 0, 7, 4, 20, 20]
[20, 3, 7, 0, 1, 2, 8, 4, 5, 6, 9, 20, 20, 20, 20, 20, 20, 20, 20, 20]
[1, 0, 20, 2, 9, 6, 20, 7, 8, 20, 20, 5, 4, 3, 20, 20, 20, 20, 20, 20]
[20, 2, 1, 0, 20, 20, 9, 8, 7, 6, 20, 20, 3, 4, 5, 20, 20, 20, 20, 20]
[20, 2, 1, 0, 20, 6, 20, 3, 7, 20, 20, 5, 4, 8, 9, 20, 20, 20, 20, 20]
[1, 4, 3, 5, 6, 0, 7, 8, 2, 20, 20, 20, 9, 20, 20, 20, 20, 20, 20, 20]
[1, 6, 9, 20, 20, 0, 5, 20, 20, 20, 20, 7, 3, 20, 20, 2, 8, 4, 20, 20]
[0, 1, 2, 20, 20, 7, 8, 6, 9, 20, 3, 4, 5, 20, 20, 20, 20, 20, 20, 20]
[5, 2, 1, 0, 20, 4, 8, 6, 9, 20, 7, 3, 20, 20, 20, 20, 20, 20, 20, 20]
[0, 1, 5, 6, 20, 7, 4, 20, 20, 20, 3, 8, 2, 20, 20, 20, 9, 20, 20, 20]
[20, 2, 6, 5, 20, 3, 8, 1, 9, 20, 4, 7, 0, 20, 20, 20, 20, 20, 20, 20]
[20, 6, 20, 2, 1, 20, 20, 5, 9, 0, 20, 20, 20, 4, 7, 20, 20, 20, 3, 8]
[5, 4, 3, 1, 6, 2, 8, 7, 0, 20, 9, 20, 20, 20, 20, 20, 20, 20, 20, 20]
[6, 8, 3, 1, 2, 5, 4, 7, 0, 9, 20, 20, 20, 20, 20, 20, 20, 20, 20, 20]
[0, 7, 3, 6, 20, 1, 4, 8, 2, 20, 5, 20, 9, 20, 20, 20, 20, 20, 20, 20]
[1, 0, 6, 5, 20, 3, 7, 20, 20, 20, 4, 8, 2, 20, 20, 20, 9, 20, 20, 20]
[20, 2, 1, 0, 20, 6, 5, 4, 7, 20, 20, 9, 8, 3, 20, 20, 20, 20, 20, 20]
[20, 20, 20, 9, 2, 6, 20, 3, 8, 1, 20, 5, 4, 7, 0, 20, 20, 20, 20, 20]
[20, 2, 1, 0, 20, 6, 9, 8, 7, 20, 20, 5, 4, 3, 20, 20, 20, 20, 20, 20]
[5, 6, 20, 20, 20, 2, 9, 20, 20, 20, 1, 8, 3, 20, 20, 0, 7, 4, 20, 20]
[20, 3, 4, 1, 5, 2, 8, 7, 0, 6, 9, 20, 20, 20, 20, 20, 20, 20, 20, 20]
[2, 20, 6, 5, 20, 1, 20, 3, 4, 20, 20, 0, 7, 8, 9, 20, 20, 20, 20, 20]
[1, 0, 6, 5, 20, 20, 20, 7, 4, 20, 20, 20, 3, 8, 2, 20, 20, 20, 9, 20]
[1, 20, 20, 20, 20, 0, 20, 2, 9, 20, 6, 7, 8, 20, 20, 5, 4, 3, 20, 20]
[6, 5, 20, 9, 2, 20, 20, 4, 8, 1, 20, 20, 3, 7, 0, 20, 20, 20, 20, 20]
[20, 1, 5, 6, 20, 20, 9, 0, 20, 20, 20, 3, 7, 20, 20, 2, 8, 4, 20, 20]
[6, 3, 8, 1, 2, 5, 4, 7, 0, 9, 20, 20, 20, 20, 20, 20, 20, 20, 20, 20]
[9, 8, 4, 1, 2, 20, 3, 7, 0, 5, 20, 20, 20, 20, 6, 20, 20, 20, 20, 20]
[2, 9, 1, 0, 20, 8, 3, 6, 20, 20, 7, 4, 5, 20, 20, 20, 20, 20, 20, 20]
[20, 6, 20, 20, 20, 2, 9, 5, 20, 20, 1, 8, 4, 20, 20, 0, 7, 3, 20, 20]
[20, 6, 20, 2, 1, 20, 20, 5, 9, 0, 20, 20, 20, 4, 8, 20, 20, 20, 3, 7]
[0, 1, 2, 5, 6, 7, 8, 9, 20, 20, 4, 3, 20, 20, 20, 20, 20, 20, 20, 20]
[1, 3, 4, 5, 6, 0, 7, 8, 2, 20, 20, 20, 9, 20, 20, 20, 20, 20, 20, 20]
[0, 7, 4, 5, 6, 1, 3, 8, 2, 20, 20, 20, 9, 20, 20, 20, 20, 20, 20, 20]
[1, 0, 20, 2, 20, 3, 7, 6, 20, 20, 8, 4, 5, 20, 20, 9, 20, 20, 20, 20]
[20, 9, 6, 5, 2, 20, 20, 8, 4, 1, 20, 20, 3, 7, 0, 20, 20, 20, 20, 20]
[0, 1, 20, 2, 20, 7, 3, 6, 20, 20, 8, 4, 5, 20, 20, 9, 20, 20, 20, 20]
[1, 0, 6, 5, 20, 20, 20, 7, 4, 20, 20, 2, 8, 3, 20, 20, 9, 20, 20, 20]
[9, 2, 6, 5, 20, 8, 3, 1, 20, 20, 4, 7, 0, 20, 20, 20, 20, 20, 20, 20]
[1, 0, 2, 5, 6, 8, 7, 9, 20, 20, 4, 3, 20, 20, 20, 20, 20, 20, 20, 20]
[1, 4, 8, 2, 6, 0, 7, 3, 5, 9, 20, 20, 20, 20, 20, 20, 20, 20, 20, 20]
[20, 1, 5, 6, 20, 2, 9, 0, 20, 20, 20, 8, 7, 20, 20, 20, 3, 4, 20, 20]
[6, 3, 7, 0, 1, 5, 4, 8, 2, 20, 20, 20, 9, 20, 20, 20, 20, 20, 20, 20]
[2, 1, 20, 20, 6, 20, 20, 0, 9, 5, 20, 20, 20, 7, 4, 20, 20, 20, 3, 8]
[0, 7, 4, 5, 6, 1, 8, 3, 20, 20, 2, 9, 20, 20, 20, 20, 20, 20, 20, 20]
[20, 1, 20, 20, 20, 2, 9, 0, 20, 20, 6, 8, 7, 20, 20, 5, 4, 3, 20, 20]
[6, 5, 20, 2, 9, 1, 20, 4, 8, 20, 20, 0, 7, 3, 20, 20, 20, 20, 20, 20]
[20, 20, 20, 2, 1, 20, 20, 6, 5, 0, 20, 20, 9, 8, 4, 20, 20, 20, 3, 7]
[1, 0, 2, 20, 20, 8, 7, 6, 9, 20, 3, 4, 5, 20, 20, 20, 20, 20, 20, 20]
[0, 1, 6, 5, 20, 7, 3, 20, 20, 20, 4, 8, 2, 20, 20, 20, 9, 20, 20, 20]
