[1, 0, 3, 2, 10, 20, 4, 8, 9, 11, 20, 7, 6, 5, 12, 20, 20, 20, 13, 14]
[1, 6, 9, 2, 3, 0, 8, 5, 4, 7, 20, 20, 10, 11, 12, 20, 20, 20, 13, 14]
[12, 7, 4, 3, 2, 11, 10, 5, 6, 1, 13, 14, 9, 8, 0, 20, 20, 20, 20, 20]
[3, 2, 1, 0, 11, 5, 9, 4, 10, 12, 8, 6, 7, 14, 13, 20, 20, 20, 20, 20]
[20, 4, 3, 2, 10, 1, 7, 6, 9, 11, 13, 0, 8, 5, 12, 14, 20, 20, 20, 20]
[3, 5, 6, 1, 4, 2, 9, 8, 0, 7, 10, 11, 12, 14, 13, 20, 20, 20, 20, 20]
[13, 5, 8, 0, 1, 7, 6, 9, 2, 3, 12, 11, 10, 14, 4, 20, 20, 20, 20, 20]
[3, 6, 5, 1, 4, 2, 9, 8, 0, 7, 10, 11, 12, 14, 13, 20, 20, 20, 20, 20]
[1, 0, 3, 2, 10, 14, 4, 8, 9, 11, 20, 20, 5, 6, 7, 20, 20, 20, 12, 13]
[3, 2, 1, 0, 14, 4, 10, 5, 8, 20, 11, 20, 9, 6, 7, 20, 20, 20, 12, 13]
[3, 2, 10, 4, 7, 1, 11, 9, 6, 12, 20, 0, 8, 5, 13, 20, 20, 20, 14, 20]
[3, 2, 1, 0, 14, 4, 10, 5, 8, 20, 11, 7, 6, 9, 20, 13, 12, 20, 20, 20]
[3, 2, 4, 10, 11, 6, 9, 1, 7, 12, 5, 8, 0, 14, 13, 20, 20, 20, 20, 20]
[12, 7, 4, 3, 2, 11, 10, 6, 5, 1, 13, 14, 9, 8, 0, 20, 20, 20, 20, 20]
[3, 5, 8, 0, 1, 2, 9, 6, 4, 10, 20, 20, 7, 12, 11, 20, 20, 20, 13, 14]
[1, 0, 10, 7, 12, 3, 4, 8, 6, 13, 14, 2, 9, 5, 11, 20, 20, 20, 20, 20]
[1, 0, 4, 7, 13, 5, 8, 3, 12, 14, 6, 9, 2, 20, 20, 11, 10, 20, 20, 20]
[7, 6, 9, 1, 2, 11, 5, 8, 0, 3, 12, 13, 14, 10, 4, 20, 20, 20, 20, 20]
[1, 0, 3, 2, 11, 5, 8, 4, 10, 12, 9, 6, 7, 14, 13, 20, 20, 20, 20, 20]
[3, 2, 1, 0, 13, 4, 7, 6, 8, 12, 10, 14, 9, 5, 11, 20, 20, 20, 20, 20]
[1, 0, 12, 7, 4, 14, 20, 8, 6, 3, 13, 20, 5, 9, 2, 20, 20, 20, 10, 11]
[3, 6, 8, 0, 1, 2, 9, 5, 4, 7, 20, 20, 10, 11, 12, 20, 20, 20, 13, 14]
[12, 7, 4, 3, 2, 11, 10, 6, 9, 1, 13, 14, 5, 8, 0, 20, 20, 20, 20, 20]
[3, 2, 1, 0, 13, 6, 9, 4, 7, 14, 8, 5, 10, 11, 12, 20, 20, 20, 20, 20]
[7, 6, 8, 0, 1, 11, 5, 9, 2, 3, 12, 13, 10, 20, 4, 20, 14, 20, 20, 20]
[3, 2, 4, 7, 11, 5, 9, 1, 10, 12, 6, 8, 0, 14, 13, 20, 20, 20, 20, 20]
[12, 7, 4, 3, 2, 11, 10, 9, 6, 1, 13, 14, 5, 8, 0, 20, 20, 20, 20, 20]
[1, 6, 5, 3, 4, 0, 8, 9, 2, 7, 12, 11, 10, 14, 13, 20, 20, 20, 20, 20]
[3, 2, 10, 4, 11, 1, 20, 9, 5, 12, 20, 0, 8, 6, 7, 20, 20, 20, 13, 14]
[3, 2, 1, 0, 14, 4, 7, 6, 8, 20, 10, 11, 5, 9, 20, 13, 12, 20, 20, 20]
[1, 5, 9, 2, 3, 0, 8, 6, 4, 10, 20, 20, 7, 12, 11, 20, 20, 20, 13, 14]
[2, 3, 4, 10, 11, 1, 7, 6, 5, 12, 20, 0, 8, 9, 13, 20, 20, 20, 14, 20]
[3, 2, 1, 0, 14, 4, 10, 9, 8, 20, 11, 20, 5, 6, 7, 20, 20, 20, 12, 13]
[1, 5, 6, 3, 4, 0, 8, 9, 2, 7, 12, 11, 10, 14, 13, 20, 20, 20, 20, 20]
[2, 3, 4, 7, 12, 1, 10, 5, 6, 13, 11, 0, 8, 9, 14, 20, 20, 20, 20, 20]
[1, 0, 3, 2, 13, 6, 8, 4, 7, 14, 9, 5, 10, 11, 12, 20, 20, 20, 20, 20]
[3, 2, 1, 0, 14, 4, 10, 9, 8, 20, 11, 7, 6, 5, 20, 13, 12, 20, 20, 20]
[3, 2, 1, 0, 13, 5, 6, 4, 7, 14, 8, 9, 10, 11, 12, 20, 20, 20, 20, 20]
[1, 0, 10, 11, 12, 3, 4, 8, 5, 13, 14, 2, 9, 6, 7, 20, 20, 20, 20, 20]
[3, 2, 4, 10, 11, 5, 6, 1, 7, 12, 9, 8, 0, 14, 13, 20, 20, 20, 20, 20]
[3, 2, 4, 10, 11, 6, 5, 1, 7, 12, 9, 8, 0, 14, 13, 20, 20, 20, 20, 20]
[13, 10, 4, 3, 2, 12, 11, 5, 9, 1, 14, 7, 6, 8, 0, 20, 20, 20, 20, 20]
[1, 0, 4, 10, 11, 6, 8, 3, 7, 12, 5, 9, 2, 14, 13, 20, 20, 20, 20, 20]
[3, 2, 1, 0, 13, 6, 5, 4, 7, 14, 8, 9, 10, 11, 12, 20, 20, 20, 20, 20]
[13, 5, 9, 1, 2, 7, 6, 8, 0, 3, 12, 14, 11, 10, 4, 20, 20, 20, 20, 20]
[14, 4, 3, 2, 10, 1, 11, 5, 9, 13, 12, 0, 8, 6, 7, 20, 20, 20, 20, 20]
[1, 0, 11, 10, 4, 13, 12, 8, 5, 3, 14, 7, 6, 9, 2, 20, 20, 20, 20, 20]
[11, 10, 4, 3, 2, 20, 20, 9, 5, 1, 14, 7, 6, 8, 0, 13, 12, 20, 20, 20]
