[20, 0, 1, 2, 3, 10, 5, 12, 9, 4, 7, 11, 13, 8, 6, 20, 20, 20, 20, 20]
[20, 0, 1, 2, 6, 4, 3, 13, 9, 7, 5, 10, 12, 8, 11, 20, 20, 20, 20, 20]
[20, 4, 5, 0, 1, 11, 10, 13, 12, 2, 20, 20, 8, 9, 3, 20, 20, 20, 6, 7]
[20, 6, 10, 0, 1, 20, 11, 9, 13, 2, 20, 7, 12, 8, 3, 20, 20, 20, 4, 5]
[7, 6, 10, 0, 1, 20, 11, 9, 12, 2, 20, 20, 13, 8, 3, 20, 20, 20, 4, 5]
[20, 6, 4, 1, 2, 20, 11, 9, 8, 3, 10, 7, 12, 13, 0, 20, 20, 20, 5, 20]
[20, 6, 4, 1, 2, 20, 11, 9, 8, 3, 10, 20, 13, 12, 0, 20, 20, 20, 5, 7]
[20, 5, 6, 0, 1, 11, 7, 12, 13, 2, 10, 20, 8, 9, 3, 20, 20, 20, 4, 20]
[20, 0, 5, 1, 2, 20, 10, 13, 8, 3, 20, 11, 12, 9, 4, 20, 20, 20, 6, 7]
[20, 6, 10, 0, 1, 20, 11, 9, 12, 2, 20, 7, 8, 13, 3, 20, 20, 20, 4, 5]
[20, 6, 10, 0, 1, 20, 11, 9, 13, 2, 20, 7, 8, 12, 3, 20, 20, 20, 4, 5]
[11, 0, 5, 1, 2, 7, 6, 12, 8, 3, 10, 20, 9, 13, 4, 20, 20, 20, 20, 20]
[20, 0, 1, 2, 6, 4, 3, 13, 9, 7, 5, 10, 8, 12, 11, 20, 20, 20, 20, 20]
[20, 4, 5, 0, 1, 20, 10, 13, 12, 2, 20, 11, 9, 8, 3, 20, 20, 20, 6, 7]
[11, 0, 5, 1, 2, 7, 6, 12, 8, 3, 10, 20, 13, 9, 4, 20, 20, 20, 20, 20]
[20, 0, 5, 1, 2, 20, 10, 13, 8, 3, 20, 11, 9, 12, 4, 20, 20, 20, 6, 7]
[20, 0, 1, 2, 3, 10, 5, 12, 9, 4, 7, 6, 8, 13, 11, 20, 20, 20, 20, 20]
[20, 5, 6, 0, 1, 11, 7, 12, 13, 2, 10, 20, 9, 8, 3, 20, 20, 20, 4, 20]
