[20, 3, 4, 1, 2, 20, 20, 0, 7, 8, 20, 20, 6, 5, 9, 20, 20, 20, 20, 20]
[20, 1, 2, 3, 4, 20, 20, 7, 0, 9, 8, 20, 5, 6, 20, 20, 20, 20, 20, 20]
[20, 1, 8, 2, 3, 20, 20, 7, 5, 4, 20, 20, 6, 0, 9, 20, 20, 20, 20, 20]
[20, 2, 8, 3, 4, 20, 20, 5, 0, 9, 20, 20, 7, 6, 1, 20, 20, 20, 20, 20]
[20, 1, 8, 3, 4, 20, 9, 6, 0, 20, 20, 20, 7, 5, 2, 20, 20, 20, 20, 20]
[20, 2, 3, 1, 4, 20, 20, 7, 6, 8, 20, 20, 0, 5, 9, 20, 20, 20, 20, 20]
[20, 1, 8, 2, 3, 20, 20, 6, 5, 4, 20, 20, 7, 0, 9, 20, 20, 20, 20, 20]
[20, 3, 4, 1, 2, 20, 20, 0, 7, 8, 20, 20, 5, 6, 9, 20, 20, 20, 20, 20]
[20, 2, 8, 3, 4, 20, 20, 5, 0, 9, 20, 20, 6, 7, 1, 20, 20, 20, 20, 20]
[20, 1, 8, 2, 3, 20, 20, 7, 5, 4, 20, 20, 0, 6, 9, 20, 20, 20, 20, 20]
[20, 1, 8, 2, 3, 20, 20, 6, 5, 4, 20, 20, 0, 7, 9, 20, 20, 20, 20, 20]
[20, 1, 2, 3, 4, 20, 20, 7, 0, 9, 8, 20, 6, 5, 20, 20, 20, 20, 20, 20]
[20, 9, 4, 1, 2, 20, 20, 6, 7, 3, 20, 20, 0, 5, 8, 20, 20, 20, 20, 20]
[20, 1, 8, 3, 4, 20, 9, 6, 0, 20, 20, 20, 5, 7, 2, 20, 20, 20, 20, 20]
[20, 3, 4, 1, 8, 20, 20, 0, 6, 9, 20, 20, 5, 7, 2, 20, 20, 20, 20, 20]
[20, 9, 4, 1, 2, 20, 20, 6, 7, 3, 20, 20, 5, 0, 8, 20, 20, 20, 20, 20]
[20, 3, 4, 1, 2, 20, 20, 5, 7, 8, 20, 20, 6, 0, 9, 20, 20, 20, 20, 20]
[20, 2, 3, 1, 4, 20, 20, 7, 6, 8, 20, 20, 5, 0, 9, 20, 20, 20, 20, 20]
[20, 20, 8, 2, 3, 20, 20, 0, 5, 4, 9, 20, 7, 6, 1, 20, 20, 20, 20, 20]
[20, 2, 3, 1, 8, 20, 4, 5, 6, 9, 20, 20, 7, 0, 20, 20, 20, 20, 20, 20]
[20, 3, 4, 1, 2, 20, 20, 5, 7, 8, 20, 20, 0, 6, 9, 20, 20, 20, 20, 20]
[20, 3, 4, 1, 8, 20, 20, 0, 6, 9, 20, 20, 7, 5, 2, 20, 20, 20, 20, 20]
[20, 2, 3, 1, 8, 20, 4, 5, 6, 9, 20, 20, 0, 7, 20, 20, 20, 20, 20, 20]
[20, 20, 8, 2, 3, 20, 20, 0, 5, 4, 9, 20, 6, 7, 1, 20, 20, 20, 20, 20]
