[20, 5, 20, 1, 2, 20, 20, 11, 9, 3, 20, 4, 8, 10, 0, 20, 20, 20, 6, 7]
[20, 1, 2, 5, 7, 4, 3, 9, 11, 20, 6, 0, 10, 8, 20, 20, 20, 20, 20, 20]
[20, 3, 6, 0, 1, 20, 7, 9, 10, 2, 20, 20, 11, 8, 4, 20, 20, 20, 5, 20]
[20, 5, 2, 1, 3, 20, 7, 11, 8, 4, 20, 20, 9, 10, 0, 20, 20, 20, 6, 20]
[20, 0, 1, 20, 5, 7, 2, 10, 11, 4, 20, 20, 8, 9, 3, 20, 20, 20, 6, 20]
[20, 6, 20, 1, 2, 20, 20, 8, 9, 3, 20, 0, 10, 11, 4, 20, 20, 20, 5, 7]
[20, 3, 4, 0, 1, 20, 5, 8, 10, 2, 20, 6, 9, 11, 7, 20, 20, 20, 20, 20]
[20, 0, 2, 1, 3, 7, 6, 10, 8, 4, 20, 20, 11, 9, 5, 20, 20, 20, 20, 20]
[20, 1, 2, 5, 20, 4, 3, 9, 11, 20, 6, 7, 8, 10, 0, 20, 20, 20, 20, 20]
[20, 5, 20, 1, 2, 20, 20, 11, 9, 3, 20, 0, 10, 8, 4, 20, 20, 20, 6, 7]
[7, 5, 20, 0, 1, 20, 20, 11, 10, 2, 20, 20, 9, 8, 3, 20, 20, 20, 4, 6]
[20, 2, 6, 1, 3, 20, 7, 9, 8, 4, 20, 20, 11, 10, 0, 20, 20, 20, 5, 20]
[20, 1, 3, 5, 7, 20, 4, 8, 11, 20, 20, 20, 9, 10, 0, 20, 20, 20, 2, 6]
[20, 4, 6, 1, 2, 20, 7, 8, 9, 3, 20, 20, 11, 10, 0, 20, 20, 20, 5, 20]
[20, 7, 2, 1, 3, 20, 20, 11, 8, 4, 20, 0, 10, 9, 5, 20, 20, 20, 6, 20]
[20, 2, 6, 1, 3, 20, 7, 9, 8, 4, 20, 0, 10, 11, 5, 20, 20, 20, 20, 20]
[7, 5, 20, 0, 1, 20, 20, 11, 10, 2, 20, 20, 8, 9, 3, 20, 20, 20, 4, 6]
[20, 3, 6, 0, 1, 20, 7, 9, 10, 2, 20, 4, 8, 11, 5, 20, 20, 20, 20, 20]
[20, 0, 1, 20, 5, 7, 2, 10, 11, 4, 20, 20, 9, 8, 3, 20, 20, 20, 6, 20]
[20, 0, 5, 1, 2, 7, 6, 10, 9, 3, 20, 20, 11, 8, 4, 20, 20, 20, 20, 20]
[20, 0, 5, 1, 2, 7, 6, 10, 9, 3, 20, 20, 8, 11, 4, 20, 20, 20, 20, 20]
[20, 1, 3, 5, 7, 20, 4, 8, 11, 20, 20, 0, 10, 9, 2, 20, 20, 20, 6, 20]
[20, 3, 4, 0, 1, 7, 5, 8, 10, 2, 20, 20, 11, 9, 6, 20, 20, 20, 20, 20]
[20, 0, 2, 1, 3, 7, 6, 10, 8, 4, 20, 20, 9, 11, 5, 20, 20, 20, 20, 20]
