[20, 0, 3, 1, 2, 20, 4, 9, 8, 5, 20, 20, 6, 7, 10, 20, 20, 20, 20, 20]
[20, 3, 4, 1, 2, 20, 10, 7, 8, 5, 20, 20, 6, 9, 0, 20, 20, 20, 20, 20]
[20, 1, 2, 3, 4, 20, 20, 8, 6, 5, 20, 0, 9, 7, 10, 20, 20, 20, 20, 20]
[20, 0, 4, 2, 3, 20, 10, 9, 7, 5, 20, 20, 6, 8, 1, 20, 20, 20, 20, 20]
[20, 2, 1, 0, 3, 20, 5, 7, 9, 4, 20, 20, 8, 6, 10, 20, 20, 20, 20, 20]
[20, 3, 4, 1, 2, 20, 10, 6, 8, 5, 20, 20, 7, 9, 0, 20, 20, 20, 20, 20]
[20, 2, 10, 3, 4, 20, 20, 7, 6, 5, 20, 0, 9, 8, 1, 20, 20, 20, 20, 20]
[20, 1, 5, 2, 3, 20, 10, 8, 7, 4, 20, 20, 6, 9, 0, 20, 20, 20, 20, 20]
[20, 4, 5, 2, 3, 20, 10, 6, 7, 1, 20, 20, 8, 9, 0, 20, 20, 20, 20, 20]
[20, 3, 4, 1, 2, 20, 20, 7, 8, 5, 20, 0, 9, 6, 10, 20, 20, 20, 20, 20]
[20, 1, 2, 0, 3, 20, 5, 8, 9, 4, 20, 20, 7, 6, 10, 20, 20, 20, 20, 20]
[20, 1, 5, 2, 3, 20, 20, 8, 7, 10, 20, 0, 9, 6, 4, 20, 20, 20, 20, 20]
[20, 4, 1, 0, 2, 20, 10, 6, 9, 3, 20, 20, 7, 8, 5, 20, 20, 20, 20, 20]
[20, 4, 5, 2, 3, 20, 20, 6, 7, 10, 20, 0, 9, 8, 1, 20, 20, 20, 20, 20]
[20, 1, 2, 3, 4, 20, 20, 8, 6, 5, 20, 20, 7, 9, 0, 20, 20, 20, 10, 20]
[20, 2, 1, 0, 3, 20, 5, 7, 9, 4, 20, 20, 6, 8, 10, 20, 20, 20, 20, 20]
[20, 1, 2, 0, 3, 20, 5, 8, 9, 4, 20, 20, 6, 7, 10, 20, 20, 20, 20, 20]
[20, 0, 4, 2, 3, 20, 20, 9, 7, 5, 20, 1, 8, 6, 10, 20, 20, 20, 20, 20]
[20, 3, 4, 1, 2, 20, 20, 6, 8, 5, 20, 0, 9, 7, 10, 20, 20, 20, 20, 20]
[20, 0, 10, 3, 4, 20, 20, 9, 6, 5, 20, 20, 7, 8, 1, 20, 20, 20, 2, 20]
[20, 4, 1, 0, 2, 20, 10, 6, 9, 3, 20, 20, 8, 7, 5, 20, 20, 20, 20, 20]
[20, 0, 3, 1, 2, 20, 4, 9, 8, 5, 20, 20, 7, 6, 10, 20, 20, 20, 20, 20]
[20, 0, 10, 3, 4, 20, 20, 9, 6, 5, 20, 1, 8, 7, 2, 20, 20, 20, 20, 20]
[20, 2, 5, 3, 4, 20, 10, 7, 6, 1, 20, 20, 8, 9, 0, 20, 20, 20, 20, 20]
