[20, 7, 20, 8, 6, 20, 20, 2, 3, 1, 20, 20, 5, 4, 0, 20, 20, 20, 9, 20]
[20, 8, 20, 0, 1, 20, 20, 3, 4, 6, 20, 20, 5, 2, 7, 20, 20, 20, 9, 20]
[20, 8, 20, 0, 1, 20, 20, 3, 4, 6, 20, 20, 2, 5, 7, 20, 20, 20, 9, 20]
[20, 0, 1, 8, 20, 7, 6, 4, 3, 20, 9, 20, 5, 2, 20, 20, 20, 20, 20, 20]
[20, 9, 20, 0, 1, 20, 20, 5, 4, 6, 20, 8, 3, 2, 7, 20, 20, 20, 20, 20]
[20, 0, 1, 6, 7, 20, 20, 4, 5, 9, 20, 20, 2, 3, 8, 20, 20, 20, 20, 20]
[20, 9, 20, 0, 1, 20, 20, 5, 4, 6, 20, 20, 2, 3, 7, 20, 20, 20, 8, 20]
[20, 0, 1, 8, 20, 7, 6, 4, 3, 20, 9, 20, 2, 5, 20, 20, 20, 20, 20, 20]
[20, 20, 9, 7, 6, 20, 20, 2, 5, 1, 20, 8, 3, 4, 0, 20, 20, 20, 20, 20]
[20, 8, 9, 7, 6, 20, 20, 3, 2, 1, 20, 20, 5, 4, 0, 20, 20, 20, 20, 20]
[20, 0, 1, 6, 7, 20, 9, 4, 2, 20, 20, 8, 3, 5, 20, 20, 20, 20, 20, 20]
[20, 9, 20, 6, 7, 20, 20, 5, 2, 20, 20, 0, 4, 3, 8, 20, 1, 20, 20, 20]
[20, 9, 20, 7, 6, 20, 20, 5, 2, 1, 20, 8, 3, 4, 0, 20, 20, 20, 20, 20]
[20, 0, 1, 6, 7, 20, 20, 4, 5, 9, 20, 8, 3, 2, 20, 20, 20, 20, 20, 20]
[20, 7, 9, 8, 6, 20, 20, 5, 3, 1, 20, 20, 2, 4, 0, 20, 20, 20, 20, 20]
[20, 20, 20, 0, 1, 20, 20, 2, 4, 6, 20, 8, 3, 5, 7, 20, 20, 20, 9, 20]
[20, 0, 1, 6, 7, 20, 9, 4, 2, 20, 20, 20, 5, 3, 8, 20, 20, 20, 20, 20]
[20, 20, 20, 0, 1, 20, 20, 2, 4, 6, 20, 20, 5, 3, 7, 20, 20, 20, 8, 9]
[20, 8, 20, 6, 7, 20, 20, 3, 2, 9, 20, 0, 4, 5, 20, 20, 1, 20, 20, 20]
[20, 6, 7, 8, 20, 20, 9, 5, 3, 20, 20, 0, 4, 2, 20, 20, 1, 20, 20, 20]
[20, 8, 9, 7, 6, 20, 20, 3, 5, 1, 20, 20, 2, 4, 0, 20, 20, 20, 20, 20]
[20, 8, 20, 6, 7, 20, 20, 3, 5, 9, 20, 0, 4, 2, 20, 20, 1, 20, 20, 20]
[20, 20, 20, 6, 7, 20, 20, 2, 5, 9, 20, 0, 4, 3, 8, 20, 1, 20, 20, 20]
[20, 6, 7, 8, 20, 20, 9, 2, 3, 20, 20, 0, 4, 5, 20, 20, 1, 20, 20, 20]
