[20, 20, 9, 8, 2, 20, 20, 3, 7, 1, 20, 5, 4, 6, 0, 20, 20, 20, 20, 20]
[1, 7, 4, 5, 8, 0, 6, 3, 2, 9, 20, 20, 20, 20, 20, 20, 20, 20, 20, 20]
[20, 7, 4, 1, 2, 20, 3, 6, 0, 5, 20, 20, 20, 9, 8, 20, 20, 20, 20, 20]
[20, 2, 1, 0, 9, 3, 4, 5, 8, 20, 6, 7, 20, 20, 20, 20, 20, 20, 20, 20]
[1, 0, 5, 2, 20, 4, 6, 8, 9, 20, 7, 3, 20, 20, 20, 20, 20, 20, 20, 20]
[9, 8, 20, 20, 20, 2, 20, 5, 20, 20, 1, 7, 4, 20, 20, 0, 6, 3, 20, 20]
[20, 2, 1, 0, 9, 20, 20, 3, 6, 8, 20, 20, 7, 4, 5, 20, 20, 20, 20, 20]
[1, 0, 20, 2, 8, 20, 20, 6, 7, 9, 20, 5, 4, 3, 20, 20, 20, 20, 20, 20]
[0, 6, 7, 8, 9, 1, 3, 4, 5, 20, 2, 20, 20, 20, 20, 20, 20, 20, 20, 20]
[0, 1, 5, 20, 20, 6, 4, 8, 9, 20, 3, 7, 2, 20, 20, 20, 20, 20, 20, 20]
[20, 1, 20, 9, 20, 2, 20, 0, 20, 20, 8, 7, 6, 20, 20, 5, 4, 3, 20, 20]
[1, 4, 3, 5, 20, 0, 6, 7, 2, 20, 20, 9, 8, 20, 20, 20, 20, 20, 20, 20]
[1, 0, 20, 20, 9, 20, 20, 6, 3, 8, 20, 2, 7, 4, 5, 20, 20, 20, 20, 20]
[20, 5, 20, 9, 20, 20, 20, 2, 8, 20, 1, 3, 7, 20, 20, 0, 6, 4, 20, 20]
[1, 3, 7, 2, 8, 0, 6, 4, 5, 9, 20, 20, 20, 20, 20, 20, 20, 20, 20, 20]
[1, 5, 20, 9, 20, 0, 20, 2, 8, 20, 20, 6, 7, 20, 20, 20, 3, 4, 20, 20]
[5, 2, 9, 8, 20, 4, 3, 1, 20, 20, 7, 6, 0, 20, 20, 20, 20, 20, 20, 20]
[1, 0, 2, 5, 8, 7, 6, 20, 9, 20, 4, 3, 20, 20, 20, 20, 20, 20, 20, 20]
[1, 0, 2, 20, 20, 7, 6, 8, 9, 20, 3, 4, 5, 20, 20, 20, 20, 20, 20, 20]
[2, 5, 8, 9, 20, 1, 20, 4, 3, 20, 20, 0, 6, 7, 20, 20, 20, 20, 20, 20]
[8, 2, 9, 5, 20, 7, 3, 1, 20, 20, 4, 6, 0, 20, 20, 20, 20, 20, 20, 20]
[9, 2, 1, 0, 20, 8, 5, 4, 6, 20, 20, 20, 3, 7, 20, 20, 20, 20, 20, 20]
[2, 1, 20, 9, 8, 20, 20, 0, 20, 5, 20, 20, 20, 6, 4, 20, 20, 20, 7, 3]
[2, 9, 1, 0, 20, 7, 3, 8, 20, 20, 6, 4, 5, 20, 20, 20, 20, 20, 20, 20]
[0, 6, 7, 8, 9, 1, 4, 3, 20, 20, 2, 5, 20, 20, 20, 20, 20, 20, 20, 20]
[20, 9, 20, 2, 1, 20, 20, 8, 5, 0, 20, 20, 20, 3, 6, 20, 20, 20, 7, 4]
[1, 0, 20, 2, 8, 20, 20, 6, 7, 9, 20, 20, 3, 4, 5, 20, 20, 20, 20, 20]
[2, 1, 5, 8, 9, 20, 20, 0, 20, 20, 20, 20, 20, 6, 3, 20, 20, 20, 7, 4]
[20, 2, 5, 8, 9, 3, 4, 1, 20, 20, 7, 6, 0, 20, 20, 20, 20, 20, 20, 20]
[8, 2, 5, 20, 20, 7, 4, 1, 9, 20, 3, 6, 0, 20, 20, 20, 20, 20, 20, 20]
[5, 4, 6, 0, 1, 2, 7, 3, 20, 20, 8, 9, 20, 20, 20, 20, 20, 20, 20, 20]
[20, 3, 7, 1, 2, 5, 4, 6, 0, 20, 8, 9, 20, 20, 20, 20, 20, 20, 20, 20]
[9, 8, 20, 20, 2, 20, 20, 7, 3, 1, 20, 5, 4, 6, 0, 20, 20, 20, 20, 20]
[2, 5, 1, 0, 20, 7, 4, 8, 9, 20, 6, 3, 20, 20, 20, 20, 20, 20, 20, 20]
[0, 6, 4, 5, 20, 1, 3, 7, 2, 20, 20, 9, 8, 20, 20, 20, 20, 20, 20, 20]
[9, 8, 20, 2, 1, 20, 20, 5, 20, 0, 20, 20, 20, 4, 7, 20, 20, 20, 3, 6]
[8, 1, 9, 20, 20, 5, 20, 0, 20, 20, 20, 4, 6, 20, 20, 2, 7, 3, 20, 20]
[1, 0, 5, 8, 9, 4, 6, 20, 20, 20, 3, 7, 2, 20, 20, 20, 20, 20, 20, 20]
[2, 1, 5, 8, 9, 20, 20, 0, 20, 20, 20, 20, 20, 6, 3, 20, 20, 20, 4, 7]
[20, 1, 9, 8, 5, 20, 20, 0, 20, 2, 20, 20, 20, 6, 7, 20, 20, 20, 4, 3]
[20, 7, 3, 1, 2, 5, 4, 6, 0, 20, 8, 9, 20, 20, 20, 20, 20, 20, 20, 20]
[20, 2, 1, 0, 20, 3, 7, 8, 9, 20, 6, 4, 5, 20, 20, 20, 20, 20, 20, 20]
[1, 2, 8, 9, 20, 0, 20, 5, 20, 20, 20, 6, 4, 20, 20, 20, 3, 7, 20, 20]
[20, 2, 8, 5, 20, 3, 7, 1, 9, 20, 4, 6, 0, 20, 20, 20, 20, 20, 20, 20]
[5, 9, 20, 20, 20, 2, 8, 20, 20, 20, 1, 7, 3, 20, 20, 0, 6, 4, 20, 20]
[5, 4, 6, 0, 1, 20, 3, 7, 2, 20, 20, 9, 8, 20, 20, 20, 20, 20, 20, 20]
[1, 0, 20, 5, 8, 20, 20, 6, 4, 9, 20, 2, 7, 3, 20, 20, 20, 20, 20, 20]
[2, 1, 9, 20, 20, 5, 8, 0, 20, 20, 20, 4, 6, 20, 20, 20, 3, 7, 20, 20]
[9, 2, 1, 0, 20, 8, 5, 4, 6, 20, 20, 20, 7, 3, 20, 20, 20, 20, 20, 20]
[1, 7, 3, 20, 20, 0, 6, 4, 2, 20, 20, 20, 5, 8, 9, 20, 20, 20, 20, 20]
[20, 1, 9, 8, 5, 20, 20, 0, 20, 2, 20, 20, 20, 6, 7, 20, 20, 20, 3, 4]
[20, 9, 20, 2, 1, 20, 20, 8, 5, 0, 20, 20, 20, 3, 6, 20, 20, 20, 4, 7]
[20, 3, 4, 1, 5, 2, 7, 6, 0, 20, 8, 9, 20, 20, 20, 20, 20, 20, 20, 20]
[2, 1, 20, 9, 8, 20, 20, 0, 20, 5, 20, 20, 20, 6, 4, 20, 20, 20, 3, 7]
[20, 2, 1, 0, 20, 20, 20, 3, 6, 9, 20, 5, 4, 7, 8, 20, 20, 20, 20, 20]
[20, 2, 1, 0, 20, 9, 8, 7, 6, 20, 20, 20, 3, 4, 5, 20, 20, 20, 20, 20]
[1, 0, 20, 20, 20, 20, 20, 6, 3, 20, 20, 5, 4, 7, 2, 20, 20, 20, 8, 9]
[20, 9, 20, 2, 1, 20, 20, 8, 5, 0, 20, 20, 20, 7, 6, 20, 20, 20, 4, 3]
[20, 2, 8, 9, 20, 1, 20, 7, 3, 20, 20, 0, 6, 4, 5, 20, 20, 20, 20, 20]
[0, 6, 4, 5, 20, 1, 7, 3, 20, 20, 2, 8, 9, 20, 20, 20, 20, 20, 20, 20]
[1, 4, 7, 2, 8, 0, 6, 3, 5, 9, 20, 20, 20, 20, 20, 20, 20, 20, 20, 20]
[1, 8, 9, 20, 20, 0, 20, 5, 20, 20, 20, 6, 4, 20, 20, 2, 7, 3, 20, 20]
[2, 20, 20, 5, 8, 1, 20, 3, 4, 9, 20, 0, 6, 7, 20, 20, 20, 20, 20, 20]
[20, 5, 9, 8, 2, 20, 20, 4, 7, 1, 20, 20, 3, 6, 0, 20, 20, 20, 20, 20]
[1, 0, 9, 2, 20, 3, 6, 8, 20, 20, 7, 4, 5, 20, 20, 20, 20, 20, 20, 20]
[20, 5, 20, 2, 8, 1, 20, 4, 7, 9, 20, 0, 6, 3, 20, 20, 20, 20, 20, 20]
[1, 0, 20, 5, 8, 20, 20, 6, 4, 9, 20, 20, 3, 7, 2, 20, 20, 20, 20, 20]
[9, 8, 20, 2, 1, 20, 20, 5, 20, 0, 20, 20, 20, 4, 3, 20, 20, 20, 7, 6]
[20, 9, 20, 2, 1, 20, 20, 8, 5, 0, 20, 20, 20, 7, 6, 20, 20, 20, 3, 4]
[0, 1, 9, 2, 20, 6, 3, 8, 20, 20, 7, 4, 5, 20, 20, 20, 20, 20, 20, 20]
[20, 9, 20, 2, 1, 20, 20, 8, 5, 0, 20, 20, 20, 7, 3, 20, 20, 20, 4, 6]
[0, 6, 3, 20, 20, 1, 4, 7, 2, 20, 5, 9, 8, 20, 20, 20, 20, 20, 20, 20]
[9, 8, 20, 2, 1, 20, 20, 5, 20, 0, 20, 20, 20, 4, 6, 20, 20, 20, 7, 3]
[2, 1, 20, 9, 20, 20, 20, 0, 20, 20, 8, 3, 6, 20, 20, 5, 4, 7, 20, 20]
[1, 2, 20, 9, 20, 0, 20, 20, 20, 20, 8, 6, 3, 20, 20, 5, 4, 7, 20, 20]
[0, 1, 5, 2, 20, 6, 4, 8, 9, 20, 7, 3, 20, 20, 20, 20, 20, 20, 20, 20]
[1, 20, 20, 9, 20, 0, 20, 2, 20, 20, 8, 6, 7, 20, 20, 5, 4, 3, 20, 20]
[5, 4, 3, 1, 20, 2, 7, 6, 0, 20, 8, 9, 20, 20, 20, 20, 20, 20, 20, 20]
[5, 2, 8, 9, 20, 4, 7, 1, 20, 20, 3, 6, 0, 20, 20, 20, 20, 20, 20, 20]
[5, 2, 1, 0, 20, 4, 7, 8, 9, 20, 6, 3, 20, 20, 20, 20, 20, 20, 20, 20]
[9, 8, 20, 2, 1, 20, 20, 5, 20, 0, 20, 20, 20, 4, 6, 20, 20, 20, 3, 7]
[1, 3, 4, 5, 20, 0, 6, 7, 2, 20, 20, 9, 8, 20, 20, 20, 20, 20, 20, 20]
[20, 20, 20, 2, 8, 1, 20, 3, 7, 9, 20, 0, 6, 4, 5, 20, 20, 20, 20, 20]
[5, 2, 1, 0, 20, 4, 3, 9, 20, 20, 6, 7, 8, 20, 20, 20, 20, 20, 20, 20]
[20, 1, 5, 8, 9, 20, 20, 0, 20, 20, 20, 3, 6, 20, 20, 2, 7, 4, 20, 20]
[20, 1, 5, 8, 9, 2, 20, 0, 20, 20, 20, 7, 6, 20, 20, 20, 3, 4, 20, 20]
[20, 3, 6, 0, 1, 5, 4, 7, 2, 20, 20, 9, 8, 20, 20, 20, 20, 20, 20, 20]
[20, 2, 1, 0, 20, 9, 8, 7, 6, 20, 20, 5, 4, 3, 20, 20, 20, 20, 20, 20]
[20, 9, 20, 2, 1, 20, 20, 8, 5, 0, 20, 20, 20, 7, 4, 20, 20, 20, 3, 6]
[20, 9, 20, 2, 1, 20, 20, 8, 5, 0, 20, 20, 20, 3, 4, 20, 20, 20, 7, 6]
[20, 3, 6, 0, 1, 2, 7, 4, 5, 8, 20, 20, 20, 20, 9, 20, 20, 20, 20, 20]
[20, 7, 6, 0, 1, 20, 3, 4, 2, 20, 20, 20, 5, 8, 9, 20, 20, 20, 20, 20]
[8, 9, 20, 2, 20, 5, 20, 20, 20, 20, 1, 4, 3, 20, 20, 0, 6, 7, 20, 20]
[8, 9, 20, 20, 20, 5, 20, 2, 20, 20, 1, 4, 7, 20, 20, 0, 6, 3, 20, 20]
[0, 6, 3, 8, 9, 1, 7, 4, 5, 20, 2, 20, 20, 20, 20, 20, 20, 20, 20, 20]
[0, 1, 2, 20, 20, 6, 7, 8, 9, 20, 3, 4, 5, 20, 20, 20, 20, 20, 20, 20]
[20, 7, 6, 0, 1, 5, 4, 3, 2, 20, 8, 9, 20, 20, 20, 20, 20, 20, 20, 20]
[1, 0, 8, 5, 20, 3, 6, 9, 20, 20, 4, 7, 2, 20, 20, 20, 20, 20, 20, 20]
[1, 8, 9, 20, 20, 0, 5, 20, 20, 20, 20, 6, 3, 20, 20, 2, 7, 4, 20, 20]
[20, 9, 8, 5, 2, 20, 20, 3, 4, 1, 20, 20, 7, 6, 0, 20, 20, 20, 20, 20]
[9, 8, 20, 5, 2, 20, 20, 7, 4, 1, 20, 20, 3, 6, 0, 20, 20, 20, 20, 20]
[0, 1, 8, 5, 20, 6, 3, 9, 20, 20, 4, 7, 2, 20, 20, 20, 20, 20, 20, 20]
[0, 1, 2, 5, 20, 6, 7, 8, 9, 20, 4, 3, 20, 20, 20, 20, 20, 20, 20, 20]
[5, 4, 7, 1, 2, 8, 3, 6, 0, 20, 9, 20, 20, 20, 20, 20, 20, 20, 20, 20]
[20, 2, 20, 5, 8, 1, 20, 7, 4, 9, 20, 0, 6, 3, 20, 20, 20, 20, 20, 20]
[20, 9, 20, 2, 1, 20, 20, 8, 5, 0, 20, 20, 20, 3, 7, 20, 20, 20, 4, 6]
[9, 8, 20, 2, 20, 20, 20, 5, 20, 20, 1, 3, 4, 20, 20, 0, 6, 7, 20, 20]
[20, 5, 8, 9, 2, 20, 20, 4, 3, 1, 20, 20, 7, 6, 0, 20, 20, 20, 20, 20]
