[20, 4, 5, 6, 7, 20, 9, 1, 3, 20, 8, 20, 0, 2, 20, 20, 20, 20, 20, 20]
[20, 20, 6, 4, 5, 20, 20, 0, 1, 7, 8, 20, 3, 2, 9, 20, 20, 20, 20, 20]
[20, 8, 9, 6, 7, 20, 20, 2, 3, 20, 20, 20, 0, 1, 4, 20, 20, 20, 5, 20]
[20, 20, 6, 4, 5, 20, 20, 1, 0, 7, 8, 20, 2, 3, 9, 20, 20, 20, 20, 20]
[20, 20, 6, 4, 5, 20, 20, 1, 0, 7, 8, 20, 3, 2, 9, 20, 20, 20, 20, 20]
[20, 6, 20, 7, 8, 20, 20, 3, 2, 9, 20, 20, 0, 1, 4, 20, 20, 20, 5, 20]
[20, 20, 6, 4, 5, 20, 20, 0, 1, 7, 8, 20, 2, 3, 9, 20, 20, 20, 20, 20]
[20, 8, 9, 6, 7, 20, 20, 2, 3, 20, 20, 20, 1, 0, 4, 20, 20, 20, 5, 20]
[20, 7, 6, 4, 5, 20, 8, 2, 1, 9, 20, 20, 3, 0, 20, 20, 20, 20, 20, 20]
[20, 6, 20, 7, 8, 20, 20, 3, 2, 9, 20, 20, 1, 0, 4, 20, 20, 20, 5, 20]
[20, 4, 5, 6, 7, 20, 20, 0, 3, 9, 8, 20, 1, 2, 20, 20, 20, 20, 20, 20]
[20, 4, 5, 7, 8, 20, 20, 0, 2, 9, 20, 20, 1, 3, 6, 20, 20, 20, 20, 20]
[20, 6, 7, 4, 5, 20, 9, 3, 0, 8, 20, 20, 2, 1, 20, 20, 20, 20, 20, 20]
[20, 4, 5, 6, 7, 20, 20, 0, 3, 9, 8, 20, 2, 1, 20, 20, 20, 20, 20, 20]
[20, 6, 7, 4, 5, 20, 9, 3, 1, 8, 20, 20, 2, 0, 20, 20, 20, 20, 20, 20]
[20, 4, 5, 7, 8, 20, 20, 1, 2, 9, 20, 6, 3, 0, 20, 20, 20, 20, 20, 20]
[20, 7, 6, 4, 5, 20, 8, 2, 0, 9, 20, 20, 1, 3, 20, 20, 20, 20, 20, 20]
[20, 4, 5, 7, 8, 20, 20, 0, 2, 9, 20, 6, 3, 1, 20, 20, 20, 20, 20, 20]
[20, 6, 7, 4, 5, 20, 9, 3, 1, 8, 20, 20, 0, 2, 20, 20, 20, 20, 20, 20]
[20, 4, 5, 6, 7, 20, 9, 1, 3, 20, 8, 20, 2, 0, 20, 20, 20, 20, 20, 20]
[20, 4, 5, 7, 8, 20, 20, 1, 2, 9, 20, 20, 0, 3, 6, 20, 20, 20, 20, 20]
[20, 7, 6, 4, 5, 20, 8, 2, 1, 9, 20, 20, 0, 3, 20, 20, 20, 20, 20, 20]
[20, 7, 6, 4, 5, 20, 8, 2, 0, 9, 20, 20, 3, 1, 20, 20, 20, 20, 20, 20]
[20, 6, 7, 4, 5, 20, 9, 3, 0, 8, 20, 20, 1, 2, 20, 20, 20, 20, 20, 20]
