[20, 7, 5, 4, 6, 20, 20, 1, 3, 8, 20, 20, 0, 2, 9, 20, 20, 20, 20, 20]
[20, 9, 20, 6, 7, 20, 20, 0, 1, 8, 20, 4, 3, 2, 5, 20, 20, 20, 20, 20]
[20, 5, 8, 4, 6, 20, 20, 2, 3, 7, 9, 20, 0, 1, 20, 20, 20, 20, 20, 20]
[20, 7, 8, 9, 6, 20, 20, 1, 0, 5, 20, 20, 2, 3, 4, 20, 20, 20, 20, 20]
[20, 7, 8, 6, 9, 20, 20, 1, 0, 20, 20, 4, 3, 2, 5, 20, 20, 20, 20, 20]
[20, 4, 8, 5, 6, 20, 9, 3, 2, 7, 20, 20, 0, 1, 20, 20, 20, 20, 20, 20]
[20, 9, 20, 7, 6, 20, 20, 0, 1, 5, 20, 20, 2, 3, 4, 20, 20, 20, 8, 20]
[20, 5, 8, 4, 6, 20, 20, 2, 3, 7, 9, 20, 1, 0, 20, 20, 20, 20, 20, 20]
[20, 5, 20, 6, 7, 20, 20, 2, 1, 8, 20, 4, 3, 0, 9, 20, 20, 20, 20, 20]
[20, 4, 8, 5, 6, 20, 9, 3, 2, 7, 20, 20, 1, 0, 20, 20, 20, 20, 20, 20]
[20, 9, 5, 4, 6, 20, 20, 0, 3, 7, 8, 20, 1, 2, 20, 20, 20, 20, 20, 20]
[20, 9, 20, 5, 6, 20, 20, 0, 2, 7, 20, 20, 1, 3, 4, 20, 20, 20, 8, 20]
[20, 4, 7, 6, 9, 20, 8, 3, 0, 20, 20, 5, 2, 1, 20, 20, 20, 20, 20, 20]
[20, 9, 5, 4, 6, 20, 20, 0, 3, 7, 8, 20, 2, 1, 20, 20, 20, 20, 20, 20]
[20, 4, 20, 6, 7, 20, 20, 3, 1, 8, 20, 5, 2, 0, 9, 20, 20, 20, 20, 20]
[20, 7, 20, 5, 6, 20, 20, 1, 2, 8, 20, 4, 3, 0, 9, 20, 20, 20, 20, 20]
[20, 5, 7, 6, 9, 20, 8, 2, 0, 20, 20, 20, 1, 3, 4, 20, 20, 20, 20, 20]
[20, 9, 20, 5, 6, 20, 20, 0, 2, 7, 20, 4, 3, 1, 8, 20, 20, 20, 20, 20]
[20, 4, 9, 6, 7, 20, 20, 3, 1, 8, 20, 20, 0, 2, 5, 20, 20, 20, 20, 20]
[20, 7, 5, 4, 6, 20, 20, 1, 3, 8, 20, 20, 2, 0, 9, 20, 20, 20, 20, 20]
[20, 7, 9, 5, 6, 20, 20, 1, 2, 8, 20, 20, 0, 3, 4, 20, 20, 20, 20, 20]
[20, 5, 9, 6, 7, 20, 20, 2, 1, 8, 20, 20, 0, 3, 4, 20, 20, 20, 20, 20]
[20, 5, 7, 6, 9, 20, 8, 2, 0, 20, 20, 4, 3, 1, 20, 20, 20, 20, 20, 20]
[20, 4, 7, 6, 9, 20, 8, 3, 0, 20, 20, 20, 1, 2, 5, 20, 20, 20, 20, 20]
