[20, 6, 7, 4, 5, 20, 9, 3, 2, 8, 20, 20, 0, 1, 10, 20, 20, 20, 20, 20]
[20, 6, 7, 4, 5, 10, 8, 3, 0, 20, 20, 20, 2, 1, 9, 20, 20, 20, 20, 20]
[20, 8, 7, 4, 5, 20, 9, 2, 0, 6, 20, 20, 1, 3, 10, 20, 20, 20, 20, 20]
[20, 6, 7, 4, 5, 10, 8, 3, 0, 20, 20, 20, 1, 2, 9, 20, 20, 20, 20, 20]
[20, 9, 7, 4, 5, 20, 10, 0, 3, 6, 20, 20, 1, 2, 8, 20, 20, 20, 20, 20]
[20, 4, 5, 6, 7, 10, 8, 2, 1, 9, 20, 20, 0, 3, 20, 20, 20, 20, 20, 20]
[20, 7, 9, 4, 5, 20, 20, 1, 2, 6, 20, 8, 3, 0, 10, 20, 20, 20, 20, 20]
[20, 9, 7, 4, 5, 20, 20, 0, 3, 6, 20, 8, 2, 1, 10, 20, 20, 20, 20, 20]
[20, 4, 5, 6, 7, 10, 8, 2, 1, 9, 20, 20, 3, 0, 20, 20, 20, 20, 20, 20]
[20, 9, 7, 4, 5, 20, 20, 0, 2, 6, 20, 8, 3, 1, 10, 20, 20, 20, 20, 20]
[20, 7, 9, 4, 5, 20, 20, 1, 3, 6, 20, 8, 2, 0, 10, 20, 20, 20, 20, 20]
[20, 7, 9, 4, 5, 20, 10, 1, 2, 6, 20, 20, 0, 3, 8, 20, 20, 20, 20, 20]
[20, 7, 9, 4, 5, 20, 10, 1, 0, 6, 20, 20, 2, 3, 8, 20, 20, 20, 20, 20]
[20, 7, 9, 4, 5, 20, 10, 1, 0, 6, 20, 20, 3, 2, 8, 20, 20, 20, 20, 20]
[20, 8, 7, 4, 5, 20, 9, 2, 3, 6, 20, 20, 0, 1, 10, 20, 20, 20, 20, 20]
[20, 8, 7, 4, 5, 20, 9, 2, 3, 6, 20, 20, 1, 0, 10, 20, 20, 20, 20, 20]
[20, 4, 5, 7, 9, 20, 6, 3, 1, 10, 20, 8, 2, 0, 20, 20, 20, 20, 20, 20]
[20, 8, 7, 4, 5, 20, 9, 2, 0, 6, 20, 20, 3, 1, 10, 20, 20, 20, 20, 20]
[20, 7, 9, 4, 5, 20, 10, 1, 3, 6, 20, 20, 0, 2, 8, 20, 20, 20, 20, 20]
[20, 9, 7, 4, 5, 20, 10, 0, 2, 6, 20, 20, 1, 3, 8, 20, 20, 20, 20, 20]
[20, 6, 7, 4, 5, 20, 9, 3, 2, 8, 20, 20, 1, 0, 10, 20, 20, 20, 20, 20]
[20, 4, 5, 7, 9, 20, 6, 3, 1, 10, 20, 20, 0, 2, 8, 20, 20, 20, 20, 20]
[20, 4, 5, 6, 7, 20, 20, 0, 1, 9, 10, 20, 3, 2, 8, 20, 20, 20, 20, 20]
[20, 4, 5, 6, 7, 20, 20, 0, 1, 9, 10, 20, 2, 3, 8, 20, 20, 20, 20, 20]
