[20, 1, 20, 0, 2, 20, 20, 9, 10, 3, 20, 20, 7, 8, 4, 20, 20, 20, 5, 6]
[20, 3, 20, 0, 2, 6, 20, 10, 7, 4, 20, 5, 8, 9, 1, 20, 20, 20, 20, 20]
[20, 1, 20, 0, 2, 20, 20, 9, 10, 3, 20, 20, 8, 7, 4, 20, 20, 20, 5, 6]
[20, 3, 5, 0, 1, 20, 6, 8, 9, 2, 20, 20, 7, 10, 4, 20, 20, 20, 20, 20]
[20, 3, 20, 0, 1, 20, 20, 10, 9, 2, 20, 20, 7, 8, 4, 20, 20, 20, 5, 6]
[20, 1, 20, 0, 2, 20, 20, 9, 8, 3, 20, 20, 10, 7, 4, 20, 20, 20, 5, 6]
[20, 5, 4, 0, 2, 20, 6, 8, 10, 3, 20, 20, 7, 9, 1, 20, 20, 20, 20, 20]
[20, 20, 20, 0, 2, 20, 20, 10, 8, 3, 20, 1, 9, 7, 4, 20, 20, 20, 5, 6]
[20, 5, 4, 0, 1, 20, 6, 7, 9, 2, 20, 20, 10, 8, 3, 20, 20, 20, 20, 20]
[20, 1, 3, 0, 2, 20, 5, 9, 7, 4, 20, 20, 8, 10, 6, 20, 20, 20, 20, 20]
[20, 3, 20, 0, 1, 20, 20, 10, 9, 2, 20, 20, 8, 7, 4, 20, 20, 20, 5, 6]
[20, 5, 20, 0, 2, 20, 20, 7, 10, 3, 20, 1, 9, 8, 4, 20, 20, 20, 6, 20]
[20, 1, 20, 0, 2, 20, 20, 9, 8, 3, 20, 5, 7, 10, 4, 20, 20, 20, 6, 20]
[20, 3, 5, 0, 2, 20, 6, 8, 7, 4, 20, 20, 10, 9, 1, 20, 20, 20, 20, 20]
[20, 5, 4, 0, 2, 20, 6, 7, 8, 3, 20, 20, 10, 9, 1, 20, 20, 20, 20, 20]
[20, 5, 4, 0, 2, 20, 6, 7, 10, 3, 20, 20, 8, 9, 1, 20, 20, 20, 20, 20]
[20, 3, 5, 0, 2, 20, 20, 8, 7, 4, 20, 1, 9, 10, 6, 20, 20, 20, 20, 20]
[20, 3, 20, 0, 2, 20, 20, 10, 7, 4, 20, 1, 9, 8, 5, 20, 20, 20, 6, 20]
[20, 6, 4, 0, 2, 20, 20, 10, 8, 3, 20, 5, 7, 9, 1, 20, 20, 20, 20, 20]
[20, 5, 20, 0, 2, 20, 20, 8, 10, 3, 20, 1, 9, 7, 4, 20, 20, 20, 6, 20]
[20, 5, 4, 0, 1, 20, 6, 7, 9, 2, 20, 20, 8, 10, 3, 20, 20, 20, 20, 20]
[20, 1, 3, 0, 2, 20, 5, 9, 7, 4, 20, 20, 10, 8, 6, 20, 20, 20, 20, 20]
[20, 3, 5, 0, 1, 20, 6, 8, 9, 2, 20, 20, 10, 7, 4, 20, 20, 20, 20, 20]
[20, 5, 20, 0, 2, 20, 20, 7, 8, 3, 20, 1, 9, 10, 4, 20, 20, 20, 6, 20]
