4gt13_92
0 30 30 38 0
4mod5-v1_24
0 16 16 21 0
decod24-v0_38
0 23 23 30 0
alu-v4_36
38 51 75 66 8
alu-v1_29
0 17 29 22 4
alu-v1_28
12 18 30 30 4
3_17_13
0 17 17 22 0
rd53_138
99 60 117 93 19
alu-v4_37
0 18 30 22 4
ex1_226
0 5 5 5 0
cnt3-5_179
0 85 103 61 6
ising_model_10
0 90 90 40 0
4gt5_75
36 38 71 47 11
4mod7-v1_96
96 72 129 94 19
4gt13_91
22 49 70 61 7
rd32_270
2 36 45 47 3
rd32-v1_68
0 16 16 21 0
alu-v2_32
12 72 123 139 17
4mod5-bdd_287
29 31 49 41 6
one-two-three-v0_98
32 65 104 113 13
decod24-v3_45
39 64 106 84 14
4mod5-v0_19
0 16 16 21 0
one-two-three-v1_99
55 59 89 76 10
ham3_102
0 11 11 13 0
4mod5-v1_22
0 11 11 12 0
rd32-v0_66
0 16 16 20 0
4gt13_90
22 53 74 65 7
4mod5-v0_18
2 31 46 40 5
4mod5-v0_20
0 10 10 12 0
mini_alu_305
179 77 134 101 19
decod24-bdd_294
2 32 41 40 3
alu-v2_33
0 17 29 22 4
alu-bdd_288
2 38 71 48 11
graycode6_47
0 5 5 5 0
4gt13-v1_93
0 30 30 39 0
4mod5-v1_23
2 32 47 41 5
one-two-three-v3_101
4 32 44 40 4
alu-v0_27
0 17 29 21 4
aj-e11_165
9 69 93 86 8
4gt12-v0_88
109 86 125 108 13
0example
0 9 15 9 2
miller_11
0 23 23 29 0
4gt5_76
0 46 76 56 10
decod24-v1_41
35 38 50 50 4
4gt5_77
37 58 94 74 12
mod5d1_63
0 13 13 13 0
decod24-v2_43
0 22 22 30 0
alu-v0_26
18 38 68 52 10
4gt10-v1_81
2 66 111 84 15
4gt11_83
0 14 14 16 0
mod5d2_64
1 25 40 34 5
sys6-v0_111
31 98 188 110 30
4mod7-v0_94
41 72 114 92 14
alu-v3_35
0 18 30 22 4
qft_10
23 90 192 91 34
4_49_16
0 99 147 125 16
xor5_254
0 5 5 5 0
4gt11_84
0 9 9 11 0
mod10_176
2 78 120 101 14
4gt11_82
1 18 21 20 1
ex-1_166
0 9 9 12 0
4gt4-v0_80
109 79 121 101 14
alu-v3_34
7 24 33 30 3
mod5mils_65
0 16 16 21 0
one-two-three-v2_100
1 32 44 40 4
time： 5 secondsone-two-three-v0_97
8 128 197 163 23
mod5adder_127
7 239 380 302 47
rd53_251
9 564 957 812 131
wim_266
23 427 781 666 118
sym6_316
200 123 222 189 33
mod10_171
2 108 168 139 20
pm1_249
1 771 1404 1137 211
f2_232
16 525 837 715 104
4gt4-v0_73
31 179 299 239 40
ising_model_13
0 120 120 46 0
decod24-enable_126
19 149 299 238 50
mod8-10_177
4 196 271 275 25
sym9_146
12 148 304 202 52
con1_216
5 415 718 610 101
rd53_130
29 448 748 715 100
alu-v2_31
17 198 351 331 51
rd53_135
16 134 233 226 33
ex2_227
45 275 440 367 55
rd53_133
17 256 421 340 55
4gt4-v0_79
2 105 156 150 17
4gt12-v1_89
19 100 169 159 23
rd73_140
90 104 191 118 29
rd84_142
22 154 346 194 64
hwb4_49
1 107 152 134 15
4gt12-v0_87
2 112 202 159 30
rd53_131
34 200 317 274 39
ham7_104
95 149 242 195 31
cm82a_208
39 283 508 423 75
cm42a_207
1 771 1404 1137 211
qft_16
0 240 681 346 147
4gt12-v0_86
2 116 209 164 31
mod8-10_178
0 152 191 193 13
C17_204
39 205 364 348 53
majority_239
122 267 396 357 43
sf_274
9 336 399 439 21
ising_model_16
0 150 150 46 0
4gt4-v1_74
8 119 191 185 24
ex3_229
7 175 196 226 7
sf_276
94 336 450 472 38
4gt4-v0_78
12 109 133 138 8
dc1_220
8 833 1412 1188 193
mini-alu_167
18 126 207 169 27
0410184_169
5 104 143 107 13
squar5_261
9 869 1718 1319 283
4gt4-v0_72
29 113 143 137 10
alu-v2_30
44 223 358 285 45
hwb5_53
38 598 1102 932 168
cnt3-5_180
43 215 434 271 73
rd53_311
78 124 271 202 49
cm152a_212
8 532 982 847 150
time： 8 secondsdc2_222
0 4131 9285 6927 1718
radd_250
3 1405 2779 2122 458
sqrt8_260
6 1314 2757 2065 481
adr4_197
21 1498 3094 2298 532
urf1_149
34 80878 168253 136690 29125
square_root_7
10 3089 9725 6386 2212
rd84_253
4 5960 13103 9491 2381
rd73_252
12 2319 4572 3762 751
sym9_193
1 15232 32212 24837 5660
urf2_277
2 10066 21346 17474 3760
sym9_148
13 9408 17646 15349 2746
urf3_155
23 185276 375932 310819 63552
life_238
23 9800 20537 16192 3579
co14_215
0 7840 18445 11933 3535
ground_state_estimation_10
4 154209 220974 236846 22255
inc_237
1 4636 9778 7112 1714
hwb9_119
0 90955 179791 149763 29612
sqn_258
19 4459 8824 7437 1455
root_255
16 7493 16280 11879 2929
urf1_278
14 26692 57142 47240 10150
misex1_241
2 2100 3936 3222 612
sym10_262
15 28084 61861 45276 11259
plus63mod8192_164
3 81865 186862 131159 34999
clip_206
5 14772 33039 23357 6089
z4_268
9 1343 2648 2067 435
sym6_145
72 1701 3048 2352 449
dist_223
6 16624 35329 24680 6235
urf2_152
70 35210 70775 64666 11855
hwb8_113
14 30372 61005 53314 10211
cm85a_209
3 4986 10608 8146 1874
max46_240
0 11844 23130 19637 3762
cycle10_2_110
12 2648 5726 4116 1026
urf5_158
17 71932 147859 120622 25309
urf3_279
16 60380 130013 104734 23211
ham15_107
0 3858 9540 5872 1894
urf6_160
4 75180 175254 119942 33358
plus63mod4096_163
12 56329 127954 91326 23875
hwb7_59
18 10681 21298 17882 3539
sao2_257
6 16864 38014 25676 7050
mlp4_245
0 8232 19848 13714 3872
hwb6_56
44 2952 5751 5370 933
9symml_195
1 15232 32212 24837 5660
urf4_187
2 224028 406902 345389 60958
urf5_280
0 23764 59425 48184 11887
time： 146 seconds4gt13_92
0 30 30 38 0
4mod5-v1_24
0 16 16 21 0
decod24-v0_38
0 23 23 30 0
alu-v4_36
38 51 75 66 8
alu-v1_29
0 17 29 22 4
alu-v1_28
12 18 30 30 4
3_17_13
0 17 17 22 0
rd53_138
99 60 117 93 19
alu-v4_37
0 18 30 22 4
ex1_226
0 5 5 5 0
cnt3-5_179
0 85 103 61 6
ising_model_10
0 90 90 31 0
4gt5_75
36 38 71 47 11
4mod7-v1_96
96 72 129 94 19
4gt13_91
22 49 70 61 7
rd32_270
2 36 45 47 3
rd32-v1_68
0 16 16 21 0
alu-v2_32
12 72 123 139 17
4mod5-bdd_287
29 31 49 41 6
one-two-three-v0_98
32 65 104 113 13
decod24-v3_45
39 64 106 84 14
4mod5-v0_19
0 16 16 21 0
one-two-three-v1_99
55 59 89 76 10
ham3_102
0 11 11 13 0
4mod5-v1_22
0 11 11 12 0
rd32-v0_66
0 16 16 20 0
4gt13_90
22 53 74 65 7
4mod5-v0_18
2 31 46 40 5
4mod5-v0_20
0 10 10 12 0
mini_alu_305
4 77 137 91 20
decod24-bdd_294
2 32 41 40 3
alu-v2_33
0 17 29 22 4
alu-bdd_288
2 38 71 48 11
graycode6_47
0 5 5 5 0
4gt13-v1_93
0 30 30 39 0
4mod5-v1_23
2 32 47 41 5
one-two-three-v3_101
4 32 44 40 4
alu-v0_27
0 17 29 21 4
aj-e11_165
9 69 93 86 8
4gt12-v0_88
109 86 125 108 13
0example
0 9 15 9 2
miller_11
0 23 23 29 0
4gt5_76
0 46 76 56 10
decod24-v1_41
35 38 50 50 4
4gt5_77
37 58 94 74 12
mod5d1_63
0 13 13 13 0
decod24-v2_43
0 22 22 30 0
alu-v0_26
18 38 68 52 10
4gt10-v1_81
2 66 111 84 15
4gt11_83
0 14 14 16 0
mod5d2_64
1 25 40 34 5
sys6-v0_111
31 98 188 110 30
4mod7-v0_94
41 72 114 92 14
alu-v3_35
0 18 30 22 4
qft_10
23 90 192 91 34
4_49_16
0 99 147 125 16
xor5_254
0 5 5 5 0
4gt11_84
0 9 9 11 0
mod10_176
2 78 120 101 14
4gt11_82
1 18 21 20 1
ex-1_166
0 9 9 12 0
4gt4-v0_80
109 79 121 101 14
alu-v3_34
7 24 33 30 3
mod5mils_65
0 16 16 21 0
one-two-three-v2_100
1 32 44 40 4
time： 6 secondsone-two-three-v0_97
8 128 197 163 23
mod5adder_127
7 239 380 302 47
rd53_251
9 564 957 812 131
wim_266
23 427 781 666 118
sym6_316
190 123 249 172 42
mod10_171
2 108 168 139 20
pm1_249
1 771 1404 1137 211
f2_232
16 525 837 715 104
4gt4-v0_73
31 179 299 239 40
ising_model_13
0 120 120 31 0
decod24-enable_126
19 149 299 238 50
mod8-10_177
4 196 271 275 25
sym9_146
12 148 304 202 52
con1_216
5 415 718 610 101
rd53_130
29 448 748 715 100
alu-v2_31
17 198 351 331 51
rd53_135
16 134 233 226 33
ex2_227
45 275 440 367 55
rd53_133
17 256 421 340 55
4gt4-v0_79
2 105 156 150 17
4gt12-v1_89
19 100 169 159 23
rd73_140
90 104 191 118 29
rd84_142
22 154 346 194 64
hwb4_49
1 107 152 134 15
4gt12-v0_87
2 112 202 159 30
rd53_131
34 200 317 274 39
ham7_104
95 149 242 195 31
cm82a_208
71 283 532 390 83
cm42a_207
1 771 1404 1137 211
qft_16
0 240 681 346 147
4gt12-v0_86
2 116 209 164 31
mod8-10_178
0 152 191 193 13
C17_204
39 205 364 348 53
majority_239
122 267 396 357 43
sf_274
9 336 399 439 21
ising_model_16
0 150 150 31 0
4gt4-v1_74
8 119 191 185 24
ex3_229
7 175 196 226 7
sf_276
94 336 450 472 38
4gt4-v0_78
12 109 133 138 8
dc1_220
8 833 1559 1239 242
mini-alu_167
18 126 207 169 27
0410184_169
5 104 143 107 13
squar5_261
9 869 1718 1315 283
4gt4-v0_72
29 113 143 137 10
alu-v2_30
44 223 358 285 45
hwb5_53
38 598 1102 932 168
cnt3-5_180
43 215 434 271 73
rd53_311
78 124 265 182 47
cm152a_212
8 532 982 847 150
time： 9 secondsdc2_222
0 4131 9285 6927 1718
radd_250
3 1405 2779 2122 458
sqrt8_260
6 1314 2757 2061 481
adr4_197
21 1498 3094 2298 532
urf1_149
33 80878 168145 135542 29089
square_root_7
3 3089 9377 6649 2096
rd84_253
2 5960 13067 9697 2369
rd73_252
12 2319 4572 3762 751
sym9_193
1 15232 32212 24837 5660
urf2_277
2 10066 21346 17474 3760
sym9_148
13 9408 17646 15349 2746
urf3_155
23 185276 375932 310819 63552
life_238
23 9800 20537 16192 3579
co14_215
0 7840 18445 11933 3535
ground_state_estimation_10
8 154209 223527 238487 23106
inc_237
0 4636 9763 6979 1709
hwb9_119
0 90955 179791 149763 29612
sqn_258
19 4459 8824 7437 1455
root_255
14 7493 16457 12070 2988
urf1_278
14 26692 57142 47240 10150
misex1_241
2 2100 3936 3222 612
sym10_262
15 28084 61861 45276 11259
plus63mod8192_164
3 81865 186862 131159 34999
clip_206
5 14772 33039 23357 6089
z4_268
9 1343 2648 2067 435
sym6_145
72 1701 3048 2352 449
dist_223
12 16624 35755 25127 6377
urf2_152
70 35210 70775 64666 11855
hwb8_113
14 30372 61005 53314 10211
cm85a_209
3 4986 10608 8146 1874
max46_240
0 11844 23130 19637 3762
cycle10_2_110
12 2648 5726 4116 1026
urf5_158
17 71932 147859 120619 25309
urf3_279
15 60380 129737 104599 23119
ham15_107
0 3858 9540 5872 1894
urf6_160
4 75180 175254 119942 33358
plus63mod4096_163
12 56329 127954 91326 23875
hwb7_59
18 10681 21298 17882 3539
sao2_257
6 16864 38014 25676 7050
mlp4_245
0 8232 19359 13207 3709
hwb6_56
44 2952 5751 5370 933
9symml_195
1 15232 32212 24837 5660
urf4_187
2 224028 406902 345387 60958
urf5_280
6 23764 49429 42225 8555
time： 157 seconds