life_238
initial: 22445 12511 0
main_Zulehner: 99999999 99999999 99999999
main_GQL: 99999999 99999999 99999999
alu-v4_37
initial: 37 22 0
main_Zulehner: 93 60 8
main_FY: 58 37 3
main_GQL: 99999999 99999999 99999999
cm82a_208
initial: 650 340 0
main_Zulehner: 1238 699 84
main_FY: 1273 755 89
main_GQL: 99999999 99999999 99999999
f2_232
initial: 1206 668 0
main_Zulehner: 2732 1672 218
main_FY: 2347 1448 163
main_GQL: 99999999 99999999 99999999
square_root_7
initial: 7630 3847 0
main_Zulehner: 99999999 99999999 99999999
main_FY: 9999999 9999999 9999999
main_GQL: 99999999 99999999 99999999
sao2_257
initial: 38577 19563 0
main_Zulehner: 99999999 99999999 99999999
main_FY: 9999999 9999999 9999999
main_GQL: 99999999 99999999 99999999
ex2_227
initial: 631 355 0
main_Zulehner: 1478 899 121
main_FY: 1023 618 56
main_GQL: 99999999 99999999 99999999
4gt12-v0_88
initial: 194 108 0
main_Zulehner: 369 222 25
main_FY: 383 236 27
main_GQL: 99999999 99999999 99999999
4mod5-v0_18
initial: 69 40 0
main_Zulehner: 97 54 4
main_FY: 97 58 4
main_GQL: 99999999 99999999 99999999
4gt4-v0_79
initial: 231 132 0
main_Zulehner: 567 345 48
main_FY: 287 172 8
main_GQL: 99999999 99999999 99999999
mlp4_245
initial: 18852 10328 0
main_Zulehner: 99999999 99999999 99999999
main_FY: 9999999 9999999 9999999
main_GQL: 99999999 99999999 99999999
ham15_107
initial: 8763 4819 0
main_Zulehner: 99999999 99999999 99999999
main_GQL: 99999999 99999999 99999999
4gt4-v0_72
initial: 258 137 0
main_Zulehner: 489 297 33
main_FY: 475 270 31
main_GQL: 99999999 99999999 99999999
urf1_149
initial: 184864 99586 0
main_Zulehner: 99999999 99999999 99999999
main_GQL: 99999999 99999999 99999999
4gt11_82
initial: 27 20 0
main_Zulehner: 34 25 1
main_FY: 34 25 1
main_GQL: 99999999 99999999 99999999
mini-alu_167
initial: 288 162 0
main_Zulehner: 631 400 49
main_FY: 547 329 37
main_GQL: 99999999 99999999 99999999
cnt3-5_180
initial: 485 209 0
main_Zulehner: 1038 482 79
main_GQL: 99999999 99999999 99999999
4mod5-v0_20
initial: 20 12 0
main_Zulehner: 48 32 4
main_FY: 20 12 0
main_GQL: 99999999 99999999 99999999
alu-v4_36
initial: 115 66 0
main_Zulehner: 269 170 22
main_FY: 129 76 2
main_GQL: 99999999 99999999 99999999
4gt12-v1_89
initial: 228 130 0
main_Zulehner: 494 313 38
main_FY: 557 344 47
main_GQL: 99999999 99999999 99999999
sym6_316
initial: 270 135 0
main_Zulehner: 662 378 56
main_GQL: 99999999 99999999 99999999
ham7_104
initial: 320 185 0
main_Zulehner: 796 491 68
main_FY: 495 301 25
main_GQL: 99999999 99999999 99999999
4mod5-v1_23
initial: 69 41 0
main_Zulehner: 97 55 4
main_FY: 97 61 4
main_GQL: 99999999 99999999 99999999
4gt4-v0_80
initial: 179 101 0
main_Zulehner: 333 206 22
main_FY: 291 171 16
main_GQL: 99999999 99999999 99999999
4mod5-bdd_287
initial: 70 41 0
main_Zulehner: 126 71 8
main_FY: 112 71 6
main_GQL: 99999999 99999999 99999999
ising_model_10
initial: 480 52 0
main_Zulehner: 515 107 5
main_FY: 480 82 0
main_GQL: 99999999 99999999 99999999
hwb6_56
initial: 6723 3736 0
main_Zulehner: 13086 7773 909
main_FY: 12246 7314 789
main_GQL: 99999999 99999999 99999999
alu-v1_29
initial: 37 22 0
main_Zulehner: 114 64 11
main_FY: 58 37 3
main_GQL: 99999999 99999999 99999999
life_238
initial: 22445 12511 0
main_Zulehner: 99999999 99999999 99999999
main_GQL: 99999999 99999999 99999999
alu-v4_37
initial: 37 22 0
main_Zulehner: 93 60 8
main_FY: 58 37 3
main_GQL: 99999999 99999999 99999999
cm82a_208
initial: 650 340 0
main_Zulehner: 1238 699 84
main_FY: 1273 755 89
main_GQL: 99999999 99999999 99999999
f2_232
initial: 1206 668 0
main_Zulehner: 2732 1672 218
main_FY: 2347 1448 163
main_GQL: 99999999 99999999 99999999
square_root_7
initial: 7630 3847 0
main_Zulehner: 99999999 99999999 99999999
main_FY: 9999999 9999999 9999999
main_GQL: 99999999 99999999 99999999
urf4_187
initial: 512064 264330 0
main_Zulehner: 99999999 99999999 99999999
main_GQL: 99999999 99999999 99999999
sao2_257
initial: 38577 19563 0
main_Zulehner: 99999999 99999999 99999999
main_FY: 9999999 9999999 9999999
main_GQL: 99999999 99999999 99999999
ex2_227
initial: 631 355 0
main_Zulehner: 1478 899 121
main_FY: 1023 618 56
main_GQL: 99999999 99999999 99999999
4gt12-v0_88
initial: 194 108 0
main_Zulehner: 369 222 25
main_FY: 383 236 27
main_GQL: 99999999 99999999 99999999
4mod5-v0_18
initial: 69 40 0
main_Zulehner: 97 54 4
main_FY: 97 58 4
main_GQL: 99999999 99999999 99999999
4gt4-v0_79
initial: 231 132 0
main_Zulehner: 567 345 48
main_FY: 287 172 8
main_GQL: 99999999 99999999 99999999
mlp4_245
initial: 18852 10328 0
main_Zulehner: 99999999 99999999 99999999
main_FY: 9999999 9999999 9999999
main_GQL: 99999999 99999999 99999999
ham15_107
initial: 8763 4819 0
main_Zulehner: 99999999 99999999 99999999
main_GQL: 99999999 99999999 99999999
4gt4-v0_72
initial: 258 137 0
main_Zulehner: 489 297 33
main_FY: 475 270 31
main_GQL: 99999999 99999999 99999999
urf1_149
initial: 184864 99586 0
main_Zulehner: 99999999 99999999 99999999
main_GQL: 99999999 99999999 99999999
4gt11_82
initial: 27 20 0
main_Zulehner: 34 25 1
main_FY: 34 25 1
main_GQL: 99999999 99999999 99999999
mini-alu_167
initial: 288 162 0
main_Zulehner: 631 400 49
main_FY: 547 329 37
main_GQL: 99999999 99999999 99999999
