0410184_169
5 6 9
0example
5 6 9
3_17_13
3 22 17
4gt10-v1_81
5 84 66
4gt11_82
5 20 18
4gt11_83
5 16 14
4gt11_84
5 11 9
4gt12-v0_86
6 135 116
4gt12-v0_87
6 131 112
4gt12-v0_88
6 108 86
4gt12-v1_89
6 130 100
4gt13-v1_93
5 39 30
4gt13_90
5 65 53
4gt13_91
5 61 49
4gt13_92
5 38 30
4gt4-v0_72
6 137 113
4gt4-v0_73
6 227 179
4gt4-v0_78
6 137 109
4gt4-v0_79
6 132 105
4gt4-v0_80
6 101 79
4gt4-v1_74
6 154 119
4gt5_75
5 47 38
4gt5_76
5 56 46
4gt5_77
5 74 58
4mod5-bdd_287
7 41 31
4mod5-v0_18
5 40 31
4mod5-v0_19
5 21 16
4mod5-v0_20
5 12 10
4mod5-v1_22
5 12 11
4mod5-v1_23
5 41 32
4mod5-v1_24
5 21 16
4mod7-v0_94
5 92 72
4mod7-v1_96
5 94 72
4_49_16
5 125 99
9symml_195
11 19235 15232
adr4_197
13 1839 1498
aj-e11_165
5 86 69
alu-bdd_288
7 48 38
alu-v0_26
5 49 38
alu-v0_27
5 21 17
alu-v1_28
5 22 18
alu-v1_29
5 22 17
alu-v2_30
6 285 223
alu-v2_31
5 255 198
alu-v2_32
5 92 72
alu-v2_33
5 22 17
alu-v3_34
5 30 24
alu-v3_35
5 22 18
alu-v4_36
5 66 51
alu-v4_37
5 22 18
C17_204
7 253 205
clip_206
14 17879 14772
cm152a_212
12 684 532
cm42a_207
14 940 771
cm82a_208
8 340 283
cm85a_209
14 6374 4986
cnt3-5_179
16 61 85
cnt3-5_180
16 209 215
co14_215
15 8570 7840
con1_216
9 508 415
cycle10_2_110
12 3386 2648
dc1_220
11 1041 833
dc2_222
15 5242 4131
decod24-bdd_294
6 40 32
decod24-enable_126
6 190 149
decod24-v0_38
4 30 23
decod24-v1_41
5 50 38
decod24-v2_43
4 30 22
decod24-v3_45
5 84 64
dist_223
13 19694 16624
ex-1_166
3 12 9
ex1_226
6 5 5
ex2_227
7 355 275
ex3_229
6 226 175
f2_232
8 668 525
graycode6_47
6 5 5
ground_state_estimation_10
13 217236 154209
ham15_107
15 4819 3858
ham3_102
3 13 11
ham7_104
7 185 149
hwb4_49
5 134 107
hwb5_53
6 758 598
hwb6_56
7 3736 2952
hwb7_59
8 13437 10681
hwb8_113
9 38717 30372
hwb9_119
10 116199 90955
inc_237
16 5864 4636
ising_model_10
10 52 90
ising_model_13
13 46 120
ising_model_16
16 57 150
life_238
11 12511 9800
majority_239
7 344 267
max46_240
10 14257 11844
miller_11
3 29 23
mini-alu_167
5 162 126
mini_alu_305
10 71 77
misex1_241
15 2676 2100
mlp4_245
16 10328 8232
mod10_171
5 139 108
mod10_176
5 101 78
mod5adder_127
6 302 239
mod5d1_63
5 13 13
mod5d2_64
5 32 25
mod5mils_65
5 21 16
mod8-10_177
6 251 196
mod8-10_178
6 193 152
one-two-three-v0_97
5 163 128
one-two-three-v0_98
5 82 65
one-two-three-v1_99
5 76 59
one-two-three-v2_100
5 40 32
one-two-three-v3_101
5 40 32
plus63mod4096_163
13 72246 56329
plus63mod8192_164
14 105142 81865
pm1_249
14 940 771
qft_10
10 37 90
qft_16
16 61 240
radd_250
13 1781 1405
rd32-v0_66
4 20 16
rd32-v1_68
4 21 16
rd32_270
5 47 36
rd53_130
7 569 448
rd53_131
7 261 200
rd53_133
7 327 256
rd53_135
7 159 134
rd53_138
8 56 60
rd53_251
8 712 564
rd53_311
13 130 124
rd73_140
10 92 104
rd73_252
10 2867 2319
rd84_142
15 110 154
rd84_253
12 7261 5960
root_255
13 8839 7493
sao2_257
14 19563 16864
sf_274
6 436 336
sf_276
6 435 336
sqn_258
10 5458 4459
sqrt8_260
12 1661 1314
squar5_261
13 1051 869
square_root_7
15 3847 3089
sym10_262
12 35572 28084
sym6_145
7 2187 1701
sym6_316
14 135 123
sym9_146
12 127 148
sym9_148
10 12087 9408
sym9_193
11 19235 15232
sys6-v0_111
10 75 98
urf1_149
9 99586 80878
urf1_278
9 30955 26692
urf2_152
8 44100 35210
urf2_277
8 11390 10066
urf3_155
10 229365 185276
urf3_279
10 70702 60380
urf4_187
11 264330 224028
urf5_158
9 89148 71932
urf5_280
9 27822 23764
urf6_160
15 93645 75180
wim_266
11 514 427
xor5_254
6 5 5
z4_268
11 1644 1343
0410184_169
14 104 104
0example
5 6 9
3_17_13
3 22 17
4gt10-v1_81
5 84 66
4gt11_82
5 20 18
4gt11_83
5 16 14
4gt11_84
5 11 9
4gt12-v0_86
6 135 116
4gt12-v0_87
6 131 112
4gt12-v0_88
6 108 86
4gt12-v1_89
6 130 100
4gt13-v1_93
5 39 30
4gt13_90
5 65 53
4gt13_91
5 61 49
4gt13_92
5 38 30
4gt4-v0_72
6 137 113
4gt4-v0_73
6 227 179
4gt4-v0_78
6 137 109
4gt4-v0_79
6 132 105
4gt4-v0_80
6 101 79
4gt4-v1_74
6 154 119
4gt5_75
5 47 38
4gt5_76
5 56 46
4gt5_77
5 74 58
4mod5-bdd_287
7 41 31
4mod5-v0_18
5 40 31
4mod5-v0_19
5 21 16
4mod5-v0_20
5 12 10
4mod5-v1_22
5 12 11
4mod5-v1_23
5 41 32
4mod5-v1_24
5 21 16
4mod7-v0_94
5 92 72
4mod7-v1_96
5 94 72
4_49_16
5 125 99
9symml_195
11 19235 15232
adr4_197
13 1839 1498
aj-e11_165
5 86 69
alu-bdd_288
7 48 38
alu-v0_26
5 49 38
alu-v0_27
5 21 17
alu-v1_28
5 22 18
alu-v1_29
5 22 17
alu-v2_30
6 285 223
alu-v2_31
5 255 198
alu-v2_32
5 92 72
alu-v2_33
5 22 17
alu-v3_34
5 30 24
alu-v3_35
5 22 18
alu-v4_36
5 66 51
alu-v4_37
5 22 18
C17_204
7 253 205
clip_206
14 17879 14772
cm152a_212
12 684 532
cm42a_207
14 940 771
cm82a_208
8 340 283
cm85a_209
14 6374 4986
cnt3-5_179
16 61 85
cnt3-5_180
16 209 215
co14_215
15 8570 7840
con1_216
9 508 415
cycle10_2_110
12 3386 2648
dc1_220
11 1041 833
dc2_222
15 5242 4131
decod24-bdd_294
6 40 32
decod24-enable_126
6 190 149
decod24-v0_38
4 30 23
decod24-v1_41
5 50 38
decod24-v2_43
4 30 22
decod24-v3_45
5 84 64
dist_223
13 19694 16624
ex-1_166
3 12 9
ex1_226
6 5 5
ex2_227
7 355 275
ex3_229
6 226 175
f2_232
8 668 525
graycode6_47
6 5 5
ground_state_estimation_10
13 217236 154209
ham15_107
15 4819 3858
ham3_102
3 13 11
ham7_104
7 185 149
hwb4_49
5 134 107
hwb5_53
6 758 598
hwb6_56
7 3736 2952
hwb7_59
8 13437 10681
hwb8_113
9 38717 30372
hwb9_119
10 116199 90955
inc_237
16 5864 4636
ising_model_10
10 52 90
ising_model_13
13 46 120
ising_model_16
16 57 150
life_238
11 12511 9800
majority_239
7 344 267
max46_240
10 14257 11844
miller_11
3 29 23
mini-alu_167
5 162 126
mini_alu_305
10 71 77
misex1_241
15 2676 2100
mlp4_245
16 10328 8232
mod10_171
5 139 108
mod10_176
5 101 78
mod5adder_127
6 302 239
mod5d1_63
5 13 13
mod5d2_64
5 32 25
mod5mils_65
5 21 16
mod8-10_177
6 251 196
mod8-10_178
6 193 152
one-two-three-v0_97
5 163 128
one-two-three-v0_98
5 82 65
one-two-three-v1_99
5 76 59
one-two-three-v2_100
5 40 32
one-two-three-v3_101
5 40 32
plus63mod4096_163
13 72246 56329
plus63mod8192_164
14 105142 81865
pm1_249
14 940 771
qft_10
10 37 90
qft_16
16 61 240
radd_250
13 1781 1405
rd32-v0_66
4 20 16
rd32-v1_68
4 21 16
rd32_270
5 47 36
rd53_130
7 569 448
rd53_131
7 261 200
rd53_133
7 327 256
rd53_135
7 159 134
rd53_138
8 56 60
rd53_251
8 712 564
rd53_311
13 130 124
rd73_140
10 92 104
rd73_252
10 2867 2319
rd84_142
15 110 154
rd84_253
12 7261 5960
root_255
13 8839 7493
sao2_257
14 19563 16864
sf_274
6 436 336
sf_276
6 435 336
sqn_258
10 5458 4459
sqrt8_260
12 1661 1314
squar5_261
13 1051 869
square_root_7
15 3847 3089
sym10_262
12 35572 28084
sym6_145
7 2187 1701
sym6_316
14 135 123
sym9_146
12 127 148
sym9_148
10 12087 9408
sym9_193
11 19235 15232
sys6-v0_111
10 75 98
urf1_149
9 99586 80878
urf1_278
9 30955 26692
urf2_152
8 44100 35210
urf2_277
8 11390 10066
urf3_155
10 229365 185276
urf3_279
10 70702 60380
urf4_187
11 264330 224028
urf5_158
9 89148 71932
urf5_280
9 27822 23764
urf6_160
15 93645 75180
wim_266
11 514 427
xor5_254
6 5 5
z4_268
11 1644 1343
0410184_169
14 104 104
0example
5 6 9
3_17_13
3 22 17
4gt10-v1_81
5 84 66
4gt11_82
5 20 18
4gt11_83
5 16 14
4gt11_84
5 11 9
4gt12-v0_86
6 135 116
4gt12-v0_87
6 131 112
4gt12-v0_88
6 108 86
4gt12-v1_89
6 130 100
4gt13-v1_93
5 39 30
4gt13_90
5 65 53
4gt13_91
5 61 49
4gt13_92
5 38 30
4gt4-v0_72
6 137 113
4gt4-v0_73
6 227 179
4gt4-v0_78
6 137 109
4gt4-v0_79
6 132 105
4gt4-v0_80
6 101 79
4gt4-v1_74
6 154 119
4gt5_75
5 47 38
4gt5_76
5 56 46
4gt5_77
5 74 58
4mod5-bdd_287
7 41 31
4mod5-v0_18
5 40 31
4mod5-v0_19
5 21 16
4mod5-v0_20
5 12 10
4mod5-v1_22
5 12 11
4mod5-v1_23
5 41 32
4mod5-v1_24
5 21 16
4mod7-v0_94
5 92 72
4mod7-v1_96
5 94 72
4_49_16
5 125 99
9symml_195
11 19235 15232
adr4_197
13 1839 1498
aj-e11_165
5 86 69
alu-bdd_288
7 48 38
alu-v0_26
5 49 38
alu-v0_27
5 21 17
alu-v1_28
5 22 18
alu-v1_29
5 22 17
alu-v2_30
6 285 223
alu-v2_31
5 255 198
alu-v2_32
5 92 72
alu-v2_33
5 22 17
alu-v3_34
5 30 24
alu-v3_35
5 22 18
alu-v4_36
5 66 51
alu-v4_37
5 22 18
C17_204
7 253 205
clip_206
14 17879 14772
cm152a_212
12 684 532
cm42a_207
14 940 771
cm82a_208
8 340 283
cm85a_209
14 6374 4986
cnt3-5_179
16 61 85
cnt3-5_180
16 209 215
co14_215
15 8570 7840
con1_216
9 508 415
cycle10_2_110
12 3386 2648
dc1_220
11 1041 833
dc2_222
15 5242 4131
decod24-bdd_294
6 40 32
decod24-enable_126
6 190 149
decod24-v0_38
4 30 23
decod24-v1_41
5 50 38
decod24-v2_43
4 30 22
decod24-v3_45
5 84 64
dist_223
13 19694 16624
ex-1_166
3 12 9
ex1_226
6 5 5
ex2_227
7 355 275
ex3_229
6 226 175
f2_232
8 668 525
graycode6_47
6 5 5
ground_state_estimation_10
13 217236 154209
ham15_107
15 4819 3858
ham3_102
3 13 11
ham7_104
7 185 149
hwb4_49
5 134 107
hwb5_53
6 758 598
hwb6_56
7 3736 2952
hwb7_59
8 13437 10681
hwb8_113
9 38717 30372
hwb9_119
10 116199 90955
inc_237
16 5864 4636
ising_model_10
10 52 90
ising_model_13
13 46 120
ising_model_16
16 57 150
life_238
11 12511 9800
majority_239
7 344 267
max46_240
10 14257 11844
miller_11
3 29 23
mini-alu_167
5 162 126
mini_alu_305
10 71 77
misex1_241
15 2676 2100
mlp4_245
16 10328 8232
mod10_171
5 139 108
mod10_176
5 101 78
mod5adder_127
6 302 239
mod5d1_63
5 13 13
mod5d2_64
5 32 25
mod5mils_65
5 21 16
mod8-10_177
6 251 196
mod8-10_178
6 193 152
one-two-three-v0_97
5 163 128
one-two-three-v0_98
5 82 65
one-two-three-v1_99
5 76 59
one-two-three-v2_100
5 40 32
one-two-three-v3_101
5 40 32
plus63mod4096_163
13 72246 56329
plus63mod8192_164
14 105142 81865
pm1_249
14 940 771
qft_10
10 37 90
qft_16
16 61 240
radd_250
13 1781 1405
rd32-v0_66
4 20 16
rd32-v1_68
4 21 16
rd32_270
5 47 36
rd53_130
7 569 448
rd53_131
7 261 200
rd53_133
7 327 256
rd53_135
7 159 134
rd53_138
8 56 60
rd53_251
8 712 564
rd53_311
13 130 124
rd73_140
10 92 104
rd73_252
10 2867 2319
rd84_142
15 110 154
rd84_253
12 7261 5960
root_255
13 8839 7493
sao2_257
14 19563 16864
sf_274
6 436 336
sf_276
6 435 336
sqn_258
10 5458 4459
sqrt8_260
12 1661 1314
squar5_261
13 1051 869
square_root_7
15 3847 3089
sym10_262
12 35572 28084
sym6_145
7 2187 1701
sym6_316
14 135 123
sym9_146
12 127 148
sym9_148
10 12087 9408
sym9_193
11 19235 15232
sys6-v0_111
10 75 98
urf1_149
9 99586 80878
urf1_278
9 30955 26692
urf2_152
8 44100 35210
urf2_277
8 11390 10066
urf3_155
10 229365 185276
urf3_279
10 70702 60380
urf4_187
11 264330 224028
urf5_158
9 89148 71932
urf5_280
9 27822 23764
urf6_160
15 93645 75180
wim_266
11 514 427
xor5_254
6 5 5
z4_268
11 1644 1343
0410184_169
14 104
0example
5 9
3_17_13
3 17
4gt10-v1_81
5 66
4gt11_82
5 18
4gt11_83
5 14
4gt11_84
5 9
4gt12-v0_86
6 116
4gt12-v0_87
6 112
4gt12-v0_88
6 86
4gt12-v1_89
6 100
4gt13-v1_93
5 30
4gt13_90
5 53
4gt13_91
5 49
4gt13_92
5 30
4gt4-v0_72
6 113
4gt4-v0_73
6 179
4gt4-v0_78
6 109
4gt4-v0_79
6 105
4gt4-v0_80
6 79
4gt4-v1_74
6 119
4gt5_75
5 38
4gt5_76
5 46
4gt5_77
5 58
4mod5-bdd_287
7 31
4mod5-v0_18
5 31
4mod5-v0_19
5 16
4mod5-v0_20
5 10
4mod5-v1_22
5 11
4mod5-v1_23
5 32
4mod5-v1_24
5 16
4mod7-v0_94
5 72
4mod7-v1_96
5 72
4_49_16
5 99
9symml_195
11 15232
adr4_197
13 1498
aj-e11_165
5 69
alu-bdd_288
7 38
alu-v0_26
5 38
alu-v0_27
5 17
alu-v1_28
5 18
alu-v1_29
5 17
alu-v2_30
6 223
alu-v2_31
5 198
alu-v2_32
5 72
alu-v2_33
5 17
alu-v3_34
5 24
alu-v3_35
5 18
alu-v4_36
5 51
alu-v4_37
5 18
C17_204
7 205
clip_206
14 14772
cm152a_212
12 532
cm42a_207
14 771
cm82a_208
8 283
cm85a_209
14 4986
cnt3-5_179
16 85
cnt3-5_180
16 215
co14_215
15 7840
con1_216
9 415
cycle10_2_110
12 2648
dc1_220
11 833
dc2_222
15 4131
decod24-bdd_294
6 32
decod24-enable_126
6 149
decod24-v0_38
4 23
decod24-v1_41
5 38
decod24-v2_43
4 22
decod24-v3_45
5 64
dist_223
13 16624
ex-1_166
3 9
ex1_226
6 5
ex2_227
7 275
ex3_229
6 175
f2_232
8 525
graycode6_47
6 5
ground_state_estimation_10
13 154209
ham15_107
15 3858
ham3_102
3 11
ham7_104
7 149
hwb4_49
5 107
hwb5_53
6 598
hwb6_56
7 2952
hwb7_59
8 10681
hwb8_113
9 30372
hwb9_119
10 90955
inc_237
16 4636
ising_model_10
10 90
ising_model_13
13 120
ising_model_16
16 150
life_238
11 9800
majority_239
7 267
max46_240
10 11844
miller_11
3 23
mini-alu_167
5 126
mini_alu_305
10 77
misex1_241
15 2100
mlp4_245
16 8232
mod10_171
5 108
mod10_176
5 78
mod5adder_127
6 239
mod5d1_63
5 13
mod5d2_64
5 25
mod5mils_65
5 16
mod8-10_177
6 196
mod8-10_178
6 152
one-two-three-v0_97
5 128
one-two-three-v0_98
5 65
one-two-three-v1_99
5 59
one-two-three-v2_100
5 32
one-two-three-v3_101
5 32
plus63mod4096_163
13 56329
plus63mod8192_164
14 81865
pm1_249
14 771
qft_10
10 90
qft_16
16 240
radd_250
13 1405
rd32-v0_66
4 16
rd32-v1_68
4 16
rd32_270
5 36
rd53_130
7 448
rd53_131
7 200
rd53_133
7 256
rd53_135
7 134
rd53_138
8 60
rd53_251
8 564
rd53_311
13 124
rd73_140
10 104
rd73_252
10 2319
rd84_142
15 154
rd84_253
12 5960
root_255
13 7493
sao2_257
14 16864
sf_274
6 336
sf_276
6 336
sqn_258
10 4459
sqrt8_260
12 1314
squar5_261
13 869
square_root_7
15 3089
sym10_262
12 28084
sym6_145
7 1701
sym6_316
14 123
sym9_146
12 148
sym9_148
10 9408
sym9_193
11 15232
sys6-v0_111
10 98
urf1_149
9 80878
urf1_278
9 26692
urf2_152
8 35210
urf2_277
8 10066
urf3_155
10 185276
urf3_279
10 60380
urf4_187
11 224028
urf5_158
9 71932
urf5_280
9 23764
urf6_160
15 75180
wim_266
11 427
xor5_254
6 5
z4_268
11 1343
0410184_169
14 104
0example
5 9
3_17_13
3 17
4gt10-v1_81
5 66
4gt11_82
5 18
4gt11_83
5 14
4gt11_84
5 9
4gt12-v0_86
6 116
4gt12-v0_87
6 112
4gt12-v0_88
6 86
4gt12-v1_89
6 100
4gt13-v1_93
5 30
4gt13_90
5 53
4gt13_91
5 49
4gt13_92
5 30
4gt4-v0_72
6 113
4gt4-v0_73
6 179
4gt4-v0_78
6 109
4gt4-v0_79
6 105
4gt4-v0_80
6 79
4gt4-v1_74
6 119
4gt5_75
5 38
4gt5_76
5 46
4gt5_77
5 58
4mod5-bdd_287
7 31
4mod5-v0_18
5 31
4mod5-v0_19
5 16
4mod5-v0_20
5 10
4mod5-v1_22
5 11
4mod5-v1_23
5 32
4mod5-v1_24
5 16
4mod7-v0_94
5 72
4mod7-v1_96
5 72
4_49_16
5 99
9symml_195
11 15232
adr4_197
13 1498
aj-e11_165
5 69
alu-bdd_288
7 38
alu-v0_26
5 38
alu-v0_27
5 17
alu-v1_28
5 18
alu-v1_29
5 17
alu-v2_30
6 223
alu-v2_31
5 198
alu-v2_32
5 72
alu-v2_33
5 17
alu-v3_34
5 24
alu-v3_35
5 18
alu-v4_36
5 51
alu-v4_37
5 18
C17_204
7 205
clip_206
14 14772
cm152a_212
12 532
cm42a_207
14 771
cm82a_208
8 283
cm85a_209
14 4986
cnt3-5_179
16 85
cnt3-5_180
16 215
co14_215
15 7840
con1_216
9 415
cycle10_2_110
12 2648
dc1_220
11 833
dc2_222
15 4131
decod24-bdd_294
6 32
decod24-enable_126
6 149
decod24-v0_38
4 23
decod24-v1_41
5 38
decod24-v2_43
4 22
decod24-v3_45
5 64
dist_223
13 16624
ex-1_166
3 9
ex1_226
6 5
ex2_227
7 275
ex3_229
6 175
f2_232
8 525
graycode6_47
6 5
ground_state_estimation_10
13 154209
ham15_107
15 3858
ham3_102
3 11
ham7_104
7 149
hwb4_49
5 107
hwb5_53
6 598
hwb6_56
7 2952
hwb7_59
8 10681
hwb8_113
9 30372
hwb9_119
10 90955
inc_237
16 4636
ising_model_10
10 90
ising_model_13
13 120
ising_model_16
16 150
life_238
11 9800
majority_239
7 267
max46_240
10 11844
miller_11
3 23
mini-alu_167
5 126
mini_alu_305
10 77
misex1_241
15 2100
mlp4_245
16 8232
mod10_171
5 108
mod10_176
5 78
mod5adder_127
6 239
mod5d1_63
5 13
mod5d2_64
5 25
mod5mils_65
5 16
mod8-10_177
6 196
mod8-10_178
6 152
one-two-three-v0_97
5 128
one-two-three-v0_98
5 65
one-two-three-v1_99
5 59
one-two-three-v2_100
5 32
one-two-three-v3_101
5 32
plus63mod4096_163
13 56329
plus63mod8192_164
14 81865
pm1_249
14 771
qft_10
10 90
qft_16
16 240
radd_250
13 1405
rd32-v0_66
4 16
rd32-v1_68
4 16
rd32_270
5 36
rd53_130
7 448
rd53_131
7 200
rd53_133
7 256
rd53_135
7 134
rd53_138
8 60
rd53_251
8 564
rd53_311
13 124
rd73_140
10 104
rd73_252
10 2319
rd84_142
15 154
rd84_253
12 5960
root_255
13 7493
sao2_257
14 16864
sf_274
6 336
sf_276
6 336
sqn_258
10 4459
sqrt8_260
12 1314
squar5_261
13 869
square_root_7
15 3089
sym10_262
12 28084
sym6_145
7 1701
sym6_316
14 123
sym9_146
12 148
sym9_148
10 9408
sym9_193
11 15232
sys6-v0_111
10 98
urf1_149
9 80878
urf1_278
9 26692
urf2_152
8 35210
urf2_277
8 10066
urf3_155
10 185276
urf3_279
10 60380
urf4_187
11 224028
urf5_158
9 71932
urf5_280
9 23764
urf6_160
15 75180
wim_266
11 427
xor5_254
6 5
z4_268
11 1343
0410184_169
14 104
0example
5 9
3_17_13
3 17
4gt10-v1_81
5 66
4gt11_82
5 18
4gt11_83
5 14
4gt11_84
5 9
4gt12-v0_86
6 116
4gt12-v0_87
6 112
4gt12-v0_88
6 86
4gt12-v1_89
6 100
4gt13-v1_93
5 30
4gt13_90
5 53
4gt13_91
5 49
4gt13_92
5 30
4gt4-v0_72
6 113
4gt4-v0_73
6 179
4gt4-v0_78
6 109
4gt4-v0_79
6 105
4gt4-v0_80
6 79
4gt4-v1_74
6 119
4gt5_75
5 38
4gt5_76
5 46
4gt5_77
5 58
4mod5-bdd_287
7 31
4mod5-v0_18
5 31
4mod5-v0_19
5 16
4mod5-v0_20
5 10
4mod5-v1_22
5 11
4mod5-v1_23
5 32
4mod5-v1_24
5 16
4mod7-v0_94
5 72
4mod7-v1_96
5 72
4_49_16
5 99
9symml_195
11 15232
adr4_197
13 1498
aj-e11_165
5 69
alu-bdd_288
7 38
alu-v0_26
5 38
alu-v0_27
5 17
alu-v1_28
5 18
alu-v1_29
5 17
alu-v2_30
6 223
alu-v2_31
5 198
alu-v2_32
5 72
alu-v2_33
5 17
alu-v3_34
5 24
alu-v3_35
5 18
alu-v4_36
5 51
alu-v4_37
5 18
C17_204
7 205
clip_206
14 14772
cm152a_212
12 532
cm42a_207
14 771
cm82a_208
8 283
cm85a_209
14 4986
cnt3-5_179
16 85
cnt3-5_180
16 215
co14_215
15 7840
con1_216
9 415
cycle10_2_110
12 2648
dc1_220
11 833
dc2_222
15 4131
decod24-bdd_294
6 32
decod24-enable_126
6 149
decod24-v0_38
4 23
decod24-v1_41
5 38
decod24-v2_43
4 22
decod24-v3_45
5 64
dist_223
13 16624
ex-1_166
3 9
ex1_226
6 5
ex2_227
7 275
ex3_229
6 175
f2_232
8 525
graycode6_47
6 5
ground_state_estimation_10
13 154209
ham15_107
15 3858
ham3_102
3 11
ham7_104
7 149
hwb4_49
5 107
hwb5_53
6 598
hwb6_56
7 2952
hwb7_59
8 10681
hwb8_113
9 30372
hwb9_119
10 90955
inc_237
16 4636
ising_model_10
10 90
ising_model_13
13 120
ising_model_16
16 150
life_238
11 9800
majority_239
7 267
max46_240
10 11844
miller_11
3 23
mini-alu_167
5 126
mini_alu_305
10 77
misex1_241
15 2100
mlp4_245
16 8232
mod10_171
5 108
mod10_176
5 78
mod5adder_127
6 239
mod5d1_63
5 13
mod5d2_64
5 25
mod5mils_65
5 16
mod8-10_177
6 196
mod8-10_178
6 152
one-two-three-v0_97
5 128
one-two-three-v0_98
5 65
one-two-three-v1_99
5 59
one-two-three-v2_100
5 32
one-two-three-v3_101
5 32
plus63mod4096_163
13 56329
plus63mod8192_164
14 81865
pm1_249
14 771
qft_10
10 90
qft_16
16 240
radd_250
13 1405
rd32-v0_66
4 16
rd32-v1_68
4 16
rd32_270
5 36
rd53_130
7 448
rd53_131
7 200
rd53_133
7 256
rd53_135
7 134
rd53_138
8 60
rd53_251
8 564
rd53_311
13 124
rd73_140
10 104
rd73_252
10 2319
rd84_142
15 154
rd84_253
12 5960
root_255
13 7493
sao2_257
14 16864
sf_274
6 336
sf_276
6 336
sqn_258
10 4459
sqrt8_260
12 1314
squar5_261
13 869
square_root_7
15 3089
sym10_262
12 28084
sym6_145
7 1701
sym6_316
14 123
sym9_146
12 148
sym9_148
10 9408
sym9_193
11 15232
sys6-v0_111
10 98
urf1_149
9 80878
urf1_278
9 26692
urf2_152
8 35210
urf2_277
8 10066
urf3_155
10 185276
urf3_279
10 60380
urf4_187
11 224028
urf5_158
9 71932
urf5_280
9 23764
urf6_160
15 75180
wim_266
11 427
xor5_254
6 5
z4_268
11 1343
0410184_169
14 104
0example
5 9
3_17_13
3 17
4gt10-v1_81
5 66
4gt11_82
5 18
4gt11_83
5 14
4gt11_84
5 9
4gt12-v0_86
6 116
4gt12-v0_87
6 112
4gt12-v0_88
6 86
4gt12-v1_89
6 100
4gt13-v1_93
5 30
4gt13_90
5 53
4gt13_91
5 49
4gt13_92
5 30
4gt4-v0_72
6 113
4gt4-v0_73
6 179
4gt4-v0_78
6 109
4gt4-v0_79
6 105
4gt4-v0_80
6 79
4gt4-v1_74
6 119
4gt5_75
5 38
4gt5_76
5 46
4gt5_77
5 58
4mod5-bdd_287
7 31
4mod5-v0_18
5 31
4mod5-v0_19
5 16
4mod5-v0_20
5 10
4mod5-v1_22
5 11
4mod5-v1_23
5 32
4mod5-v1_24
5 16
4mod7-v0_94
5 72
4mod7-v1_96
5 72
4_49_16
5 99
9symml_195
11 15232
adr4_197
13 1498
aj-e11_165
5 69
alu-bdd_288
7 38
alu-v0_26
5 38
alu-v0_27
5 17
alu-v1_28
5 18
alu-v1_29
5 17
alu-v2_30
6 223
alu-v2_31
5 198
alu-v2_32
5 72
alu-v2_33
5 17
alu-v3_34
5 24
alu-v3_35
5 18
alu-v4_36
5 51
alu-v4_37
5 18
C17_204
7 205
clip_206
14 14772
cm152a_212
12 532
cm42a_207
14 771
cm82a_208
8 283
cm85a_209
14 4986
cnt3-5_179
16 85
cnt3-5_180
16 215
co14_215
15 7840
con1_216
9 415
cycle10_2_110
12 2648
dc1_220
11 833
dc2_222
15 4131
decod24-bdd_294
6 32
decod24-enable_126
6 149
decod24-v0_38
4 23
decod24-v1_41
5 38
decod24-v2_43
4 22
decod24-v3_45
5 64
dist_223
13 16624
ex-1_166
3 9
ex1_226
6 5
ex2_227
7 275
ex3_229
6 175
f2_232
8 525
graycode6_47
6 5
ground_state_estimation_10
13 154209
ham15_107
15 3858
ham3_102
3 11
ham7_104
7 149
hwb4_49
5 107
hwb5_53
6 598
hwb6_56
7 2952
hwb7_59
8 10681
hwb8_113
9 30372
hwb9_119
10 90955
inc_237
16 4636
ising_model_10
10 90
ising_model_13
13 120
ising_model_16
16 150
life_238
11 9800
majority_239
7 267
max46_240
10 11844
miller_11
3 23
mini-alu_167
5 126
mini_alu_305
10 77
misex1_241
15 2100
mlp4_245
16 8232
mod10_171
5 108
mod10_176
5 78
mod5adder_127
6 239
mod5d1_63
5 13
mod5d2_64
5 25
mod5mils_65
5 16
mod8-10_177
6 196
mod8-10_178
6 152
one-two-three-v0_97
5 128
one-two-three-v0_98
5 65
one-two-three-v1_99
5 59
one-two-three-v2_100
5 32
one-two-three-v3_101
5 32
plus63mod4096_163
13 56329
plus63mod8192_164
14 81865
pm1_249
14 771
qft_10
10 90
qft_16
16 240
radd_250
13 1405
rd32-v0_66
4 16
rd32-v1_68
4 16
rd32_270
5 36
rd53_130
7 448
rd53_131
7 200
rd53_133
7 256
rd53_135
7 134
rd53_138
8 60
rd53_251
8 564
rd53_311
13 124
rd73_140
10 104
rd73_252
10 2319
rd84_142
15 154
rd84_253
12 5960
root_255
13 7493
sao2_257
14 16864
sf_274
6 336
sf_276
6 336
sqn_258
10 4459
sqrt8_260
12 1314
squar5_261
13 869
square_root_7
15 3089
sym10_262
12 28084
sym6_145
7 1701
sym6_316
14 123
sym9_146
12 148
sym9_148
10 9408
sym9_193
11 15232
sys6-v0_111
10 98
urf1_149
9 80878
urf1_278
9 26692
urf2_152
8 35210
urf2_277
8 10066
urf3_155
10 185276
urf3_279
10 60380
urf4_187
11 224028
urf5_158
9 71932
urf5_280
9 23764
urf6_160
15 75180
wim_266
11 427
xor5_254
6 5
z4_268
11 1343
