4gt13_92
0 66 38 0
1 108 77 14
2 66 38 0
3 66 38 0
4mod5-v1_24
0 36 21 0
1 45 30 3
2 36 21 0
3 36 21 0
decod24-v0_38
0 51 30 0
1 69 49 6
2 51 30 0
3 51 30 0
alu-v1_29
0 37 22 0
1 70 46 11
2 46 31 3
3 40 25 1
alu-v1_28
0 37 22 0
1 70 50 11
2 46 31 3
3 40 25 1
3_17_13
0 36 22 0
1 54 40 6
2 36 22 0
3 36 22 0
alu-v4_37
0 37 22 0
1 61 44 8
2 46 31 3
3 40 23 1
ex1_226
0 7 5 0
1 10 8 1
2 7 5 0
3 7 5 0
4gt5_75
0 83 47 0
1 131 95 16
2 116 80 11
3 104 66 7
rd32_270
0 84 47 0
1 102 64 6
2 96 59 4
3 93 53 3
rd32-v1_68
0 36 21 0
1 54 40 6
2 36 21 0
3 36 21 0
4mod5-bdd_287
0 70 41 0
1 94 59 8
2 88 59 6
3 79 44 3
4mod5-v0_19
0 35 21 0
1 35 21 0
2 35 21 0
3 35 21 0
ham3_102
0 20 13 0
1 29 22 3
2 20 13 0
3 20 13 0
4mod5-v1_22
0 21 12 0
1 36 27 5
2 21 12 0
3 21 12 0
rd32-v0_66
0 34 20 0
1 52 39 6
2 34 20 0
3 34 20 0
4mod5-v0_18
0 69 40 0
1 81 48 4
2 81 50 4
3 75 45 2
4mod5-v0_20
0 20 12 0
1 32 24 4
2 20 12 0
3 20 12 0
decod24-bdd_294
0 73 40 0
1 100 68 9
2 94 61 7
3 79 42 2
alu-v2_33
0 37 22 0
1 61 43 8
2 46 31 3
3 49 34 4
alu-bdd_288
0 84 48 0
1 132 86 16
2 114 79 10
3 93 51 3
graycode6_47
0 5 5 0
1 5 5 0
2 5 5 0
3 5 5 0
4gt13-v1_93
0 68 39 0
1 107 76 13
2 68 39 0
3 68 39 0
4mod5-v1_23
0 69 41 0
1 81 49 4
2 81 53 4
3 75 45 2
one-two-three-v3_101
0 70 40 0
1 112 73 14
2 79 49 3
3 79 49 3
alu-v0_27
0 36 21 0
1 69 45 11
2 45 30 3
3 39 24 1
0example
0 9 6 0
1 24 15 5
2 12 9 1
3 12 7 1
miller_11
0 50 29 0
1 77 57 9
2 50 29 0
3 50 29 0
4gt5_76
0 91 56 0
1 163 125 24
2 118 83 9
3 121 85 10
decod24-v1_41
0 85 50 0
1 127 92 14
2 88 53 1
3 97 57 4
mod5d1_63
0 22 13 0
1 25 15 1
2 22 13 0
3 22 13 0
decod24-v2_43
0 52 30 0
1 79 57 9
2 52 30 0
3 52 30 0
alu-v0_26
0 84 49 0
1 123 83 13
2 123 84 13
3 111 75 9
4gt11_83
0 23 16 0
1 23 16 0
2 23 16 0
3 23 16 0
mod5d2_64
0 53 32 0
1 77 53 8
2 71 50 6
3 62 36 3
alu-v3_35
0 37 22 0
1 61 44 8
2 46 31 3
3 40 25 1
xor5_254
0 7 5 0
1 10 8 1
2 7 5 0
3 7 5 0
4gt11_84
0 18 11 0
1 27 19 3
2 18 11 0
3 18 11 0
4gt11_82
0 27 20 0
1 30 23 1
2 30 23 1
3 30 23 1
ex-1_166
0 19 12 0
1 28 22 3
2 19 12 0
3 19 12 0
alu-v3_34
0 52 30 0
1 73 49 7
2 64 42 4
3 58 36 2
mod5mils_65
0 35 21 0
1 53 40 6
2 35 21 0
3 35 21 0
one-two-three-v2_100
0 69 40 0
1 93 64 8
2 78 49 3
3 78 49 3
one-two-three-v0_97
0 290 163 0
1 482 331 64
2 329 202 13
3 371 244 27
mod5adder_127
0 555 302 0
1 888 609 111
2 753 481 66
3 678 397 41
wim_266
0 986 514 0
1 1427 912 147
2 9999999 9999999 9999999
3 1253 754 89
alu-v4_36
0 115 66 0
1 181 128 22
2 121 72 2
3 139 85 8
sym6_316
0 270 135 0
1 438 280 56
2 9999999 9999999 9999999
3 360 201 30
mod10_171
0 244 139 0
1 361 257 39
2 355 243 37
3 310 201 22
4gt4-v0_73
0 395 227 0
1 623 442 76
2 560 382 55
3 479 311 28
ising_model_13
0 633 46 0
1 660 113 9
2 633 76 0
3 633 76 0
decod24-enable_126
0 338 190 0
1 518 358 60
2 485 329 49
3 413 244 25
mod8-10_177
0 440 251 0
1 614 415 58
2 659 447 73
3 482 285 14
sym9_146
0 328 127 0
1 490 235 54
2 9999999 9999999 9999999
3 448 231 40
con1_216
0 954 508 0
1 1485 919 177
2 1515 993 187
3 1182 702 76
rd53_138
0 132 56 0
1 201 90 23
2 180 97 16
3 174 95 14
alu-v2_31
0 451 255 0
1 706 490 85
2 571 369 40
3 565 358 38
rd53_135
0 296 159 0
1 410 261 38
2 458 291 54
3 362 218 22
cnt3-5_179
0 175 61 0
1 280 124 35
2 187 73 4
3 190 67 5
ex2_227
0 631 355 0
1 994 679 121
2 799 510 56
3 736 452 35
rd53_133
0 580 327 0
1 886 596 102
2 778 498 66
3 697 443 39
ising_model_10
0 480 40 0
1 561 116 27
2 480 70 0
3 480 70 0
4mod7-v1_96
0 164 94 0
1 245 168 27
2 206 136 14
3 209 137 15
4gt13_91
0 103 61 0
1 133 88 10
2 109 66 2
3 130 81 9
4gt4-v0_79
0 231 132 0
1 375 259 48
2 255 156 8
3 294 193 21
alu-v2_32
0 163 92 0
1 244 163 27
2 208 137 15
3 208 133 15
one-two-three-v0_98
0 146 82 0
1 242 174 32
2 167 103 7
3 185 108 13
decod24-v3_45
0 150 84 0
1 246 180 32
2 180 105 10
3 183 110 11
one-two-three-v1_99
0 132 76 0
1 210 146 26
2 165 109 11
3 171 115 13
4gt12-v1_89
0 228 130 0
1 342 239 38
2 369 256 47
3 261 159 11
rd73_140
0 230 92 0
1 335 147 35
2 9999999 9999999 9999999
3 299 143 23
rd84_142
0 343 110 0
1 493 195 50
2 9999999 9999999 9999999
3 496 203 51
4gt13_90
0 107 65 0
1 146 100 13
2 116 73 3
3 140 91 11
hwb4_49
0 233 134 0
1 347 236 38
2 284 183 17
3 281 174 16
4gt12-v0_87
0 247 131 0
1 382 246 45
2 253 137 2
3 268 146 7
rd53_131
0 469 261 0
1 763 509 98
2 664 432 65
3 559 345 30
mini_alu_305
0 173 71 0
1 257 139 28
2 9999999 9999999 9999999
3 206 91 11
ham7_104
0 320 185 0
1 524 367 68
2 395 253 25
3 395 250 25
cm82a_208
0 650 340 0
1 902 553 84
2 917 587 89
3 758 408 36
qft_16
0 512 61 0
1 9999999 9999999 9999999
2 9999999 9999999 9999999
3 9999999 9999999 9999999
aj-e11_165
0 151 86 0
1 250 184 33
2 169 104 6
3 175 107 8
4gt12-v0_88
0 194 108 0
1 269 176 25
2 275 184 27
3 236 147 14
4gt12-v0_86
0 251 135 0
1 395 254 48
2 260 144 3
3 275 153 8
mod8-10_178
0 342 193 0
1 381 221 13
2 459 294 39
3 393 236 17
C17_204
0 467 253 0
1 764 512 99
2 692 454 75
3 536 315 23
4gt5_77
0 131 74 0
1 191 132 20
2 155 90 8
3 164 100 11
majority_239
0 612 344 0
1 927 639 105
2 786 509 58
3 717 438 35
sf_274
0 781 436 0
1 1027 663 82
2 925 546 48
3 826 475 15
ising_model_16
0 786 46 0
1 801 85 5
2 786 76 0
3 786 76 0
4gt10-v1_81
0 148 84 0
1 232 158 28
2 172 107 8
3 181 110 11
4gt4-v1_74
0 273 154 0
1 384 259 37
2 327 204 18
3 300 178 9
ex3_229
0 403 226 0
1 553 366 50
2 433 253 10
3 430 252 9
sys6-v0_111
0 215 75 0
1 329 142 38
2 311 138 32
3 269 110 18
sf_276
0 778 435 0
1 1192 830 138
2 832 483 18
3 934 568 52
4mod7-v0_94
0 162 92 0
1 270 198 36
2 216 140 18
3 210 134 16
4gt4-v0_78
0 235 137 0
1 379 266 48
2 259 161 8
3 259 152 8
mini-alu_167
0 288 162 0
1 435 304 49
2 399 261 37
3 372 240 28
qft_10
0 200 37 0
1 290 103 30
2 290 101 30
3 269 94 23
0410184_169
0 211 104 0
1 358 191 49
2 229 122 6
3 238 119 9
4_49_16
0 217 125 0
1 337 240 40
2 295 199 26
3 259 154 14
mod10_176
0 178 101 0
1 292 204 38
2 193 114 5
3 226 149 16
4gt4-v0_72
0 258 137 0
1 357 233 33
2 351 216 31
3 288 167 10
alu-v2_30
0 504 285 0
1 792 552 96
2 621 380 39
3 606 370 34
4gt4-v0_80
0 179 101 0
1 245 164 22
2 227 143 16
3 197 107 6
cnt3-5_180
0 485 209 0
1 722 372 79
2 9999999 9999999 9999999
3 644 309 53
rd53_311
0 275 130 0
1 428 234 51
2 9999999 9999999 9999999
3 371 192 32
rd53_251
0 1291 712 0
1 1981 1341 230
2 1594 976 101
3 1564 953 91
dc2_222
0 9462 5242 0
1 9999999 9999999 9999999
2 9999999 9999999 9999999
3 9999999 9999999 9999999
pm1_249
0 1776 940 0
1 2658 1739 294
2 9999999 9999999 9999999
3 2163 1263 129
f2_232
0 1206 668 0
1 1860 1268 218
2 1695 1134 163
3 1431 865 75
radd_250
0 3213 1781 0
1 4746 3093 511
2 9999999 9999999 9999999
3 4338 2761 375
sqrt8_260
0 3009 1661 0
1 4380 2787 457
2 9999999 9999999 9999999
3 4056 2503 349
rd53_130
0 1043 569 0
1 1613 1073 190
2 1589 1060 182
3 1283 794 80
adr4_197
0 3439 1839 0
1 9999999 9999999 9999999
2 9999999 9999999 9999999
3 4672 2844 411
urf1_149
0 184864 99586 0
1 9999999 9999999 9999999
2 9999999 9999999 9999999
3 252274 157103 22470
square_root_7
0 7630 3847 0
1 9999999 9999999 9999999
2 9999999 9999999 9999999
3 9999999 9999999 9999999
rd84_253
0 13658 7261 0
1 9999999 9999999 9999999
2 9999999 9999999 9999999
3 18878 11507 1740
rd73_252
0 5321 2867 0
1 7445 4601 708
2 9999999 9999999 9999999
3 7205 4476 628
sym9_193
0 34881 19235 0
1 9999999 9999999 9999999
2 9999999 9999999 9999999
3 9999999 9999999 9999999
urf2_277
0 20112 11390 0
1 31458 20336 3782
2 9999999 9999999 9999999
3 29619 19049 3169
sym9_148
0 21504 12087 0
1 9999999 9999999 9999999
2 30513 19905 3003
3 28596 18284 2364
urf3_155
0 423488 229365 0
1 9999999 9999999 9999999
2 9999999 9999999 9999999
3 9999999 9999999 9999999
life_238
0 22445 12511 0
1 9999999 9999999 9999999
2 9999999 9999999 9999999
3 9999999 9999999 9999999
co14_215
0 17936 8570 0
1 9999999 9999999 9999999
2 9999999 9999999 9999999
3 9999999 9999999 9999999
ground_state_estimation_10
0 390180 217236 0
1 435843 260172 15221
2 9999999 9999999 9999999
3 427911 255088 12577
inc_237
0 10619 5864 0
1 9999999 9999999 9999999
2 9999999 9999999 9999999
3 14645 9248 1342
hwb9_119
0 207775 116199 0
1 9999999 9999999 9999999
2 9999999 9999999 9999999
3 9999999 9999999 9999999
sqn_258
0 10223 5458 0
1 9999999 9999999 9999999
2 9999999 9999999 9999999
3 13931 8686 1236
root_255
0 17159 8839 0
1 9999999 9999999 9999999
2 9999999 9999999 9999999
3 9999999 9999999 9999999
urf1_278
0 54766 30955 0
1 9999999 9999999 9999999
2 9999999 9999999 9999999
3 80389 51253 8541
misex1_241
0 4813 2676 0
1 6613 4258 600
2 6610 4203 599
3 6364 4046 517
sym10_262
0 64283 35572 0
1 9999999 9999999 9999999
2 9999999 9999999 9999999
3 9999999 9999999 9999999
plus63mod8192_164
0 187112 105142 0
1 9999999 9999999 9999999
2 9999999 9999999 9999999
3 9999999 9999999 9999999
clip_206
0 33827 17879 0
1 9999999 9999999 9999999
2 9999999 9999999 9999999
3 9999999 9999999 9999999
z4_268
0 3073 1644 0
1 9999999 9999999 9999999
2 9999999 9999999 9999999
3 4186 2569 371
sym6_145
0 3888 2187 0
1 6138 4294 750
2 5343 3494 485
3 4614 2850 242
dist_223
0 38046 19694 0
1 9999999 9999999 9999999
2 9999999 9999999 9999999
3 9999999 9999999 9999999
urf2_152
0 80480 44100 0
1 112211 71645 10577
2 114542 73748 11354
3 108812 69205 9444
cm42a_207
0 1776 940 0
1 2658 1739 294
2 9999999 9999999 9999999
3 2163 1263 129
hwb8_113
0 69380 38717 0
1 9999999 9999999 9999999
2 9999999 9999999 9999999
3 96734 62156 9118
cm85a_209
0 11414 6374 0
1 9999999 9999999 9999999
2 9999999 9999999 9999999
3 9999999 9999999 9999999
max46_240
0 27126 14257 0
1 9999999 9999999 9999999
2 9999999 9999999 9999999
3 9999999 9999999 9999999
cycle10_2_110
0 6050 3386 0
1 8933 5826 961
2 9999999 9999999 9999999
3 8288 5287 746
urf5_158
0 164416 89148 0
1 9999999 9999999 9999999
2 9999999 9999999 9999999
3 224419 140497 20001
urf3_279
0 125362 70702 0
1 9999999 9999999 9999999
2 9999999 9999999 9999999
3 9999999 9999999 9999999
ham15_107
0 8763 4819 0
1 9999999 9999999 9999999
2 9999999 9999999 9999999
3 9999999 9999999 9999999
urf6_160
0 171840 93645 0
1 9999999 9999999 9999999
2 9999999 9999999 9999999
3 9999999 9999999 9999999
plus63mod4096_163
0 128744 72246 0
1 9999999 9999999 9999999
2 9999999 9999999 9999999
3 9999999 9999999 9999999
hwb7_59
0 24379 13437 0
1 35545 23025 3722
2 35485 23017 3702
3 32386 20365 2669
dc1_220
0 1914 1041 0
1 3027 2035 371
2 9999999 9999999 9999999
3 2415 1454 167
sao2_257
0 38577 19563 0
1 9999999 9999999 9999999
2 9999999 9999999 9999999
3 9999999 9999999 9999999
squar5_261
0 1993 1051 0
1 2863 1801 290
2 9999999 9999999 9999999
3 2629 1538 212
mlp4_245
0 18852 10328 0
1 9999999 9999999 9999999
2 9999999 9999999 9999999
3 9999999 9999999 9999999
hwb6_56
0 6723 3736 0
1 9450 6129 909
2 9090 5861 789
3 8559 5385 612
9symml_195
0 34881 19235 0
1 9999999 9999999 9999999
2 9999999 9999999 9999999
3 9999999 9999999 9999999
hwb5_53
0 1336 758 0
1 1855 1234 173
2 1795 1153 153
3 1636 1023 100
urf4_187
0 512064 264330 0
1 9999999 9999999 9999999
2 9999999 9999999 9999999
3 9999999 9999999 9999999
cm152a_212
0 1221 684 0
1 1725 1125 168
2 9999999 9999999 9999999
3 1620 1035 133
urf5_280
0 49829 27822 0
1 9999999 9999999 9999999
2 9999999 9999999 9999999
3 9999999 9999999 9999999
