3_17_13
0 36 22 0
1 78 52 6
2 36 22 0
3 36 22 0
decod24-bdd_294
0 73 40 0
1 136 86 9
2 122 75 7
3 87 44 2
decod24-v2_43
0 52 30 0
1 115 75 9
2 52 30 0
3 52 30 0
4gt11_83
0 23 16 0
1 23 16 0
2 23 16 0
3 23 16 0
ex1_226
0 7 5 0
1 14 10 1
2 7 5 0
3 7 5 0
decod24-v1_41
0 85 50 0
1 183 120 14
2 92 55 1
3 113 65 4
4gt11_84
0 18 11 0
1 39 25 3
2 18 11 0
3 18 11 0
4mod5-v0_19
0 35 21 0
1 35 21 0
2 35 21 0
3 35 21 0
ham3_102
0 20 13 0
1 41 28 3
2 20 13 0
3 20 13 0
mod5d2_64
0 53 32 0
1 109 67 8
2 95 62 6
3 74 40 3
alu-v3_35
0 37 22 0
1 93 60 8
2 58 37 3
3 44 27 1
one-two-three-v3_101
0 70 40 0
1 168 95 14
2 91 55 3
3 91 55 3
alu-bdd_288
0 84 48 0
1 196 112 16
2 154 99 10
3 105 55 3
mod5mils_65
0 35 21 0
1 77 52 6
2 35 21 0
3 35 21 0
one-two-three-v2_100
0 69 40 0
1 125 80 8
2 90 55 3
3 90 55 3
4mod5-v1_24
0 36 21 0
1 57 36 3
2 36 21 0
3 36 21 0
4gt5_75
0 83 47 0
1 195 127 16
2 160 102 11
3 132 80 7
ex-1_166
0 19 12 0
1 40 28 3
2 19 12 0
3 19 12 0
rd32-v1_68
0 36 21 0
1 78 52 6
2 36 21 0
3 36 21 0
alu-v1_28
0 37 22 0
1 114 70 11
2 58 37 3
3 44 27 1
alu-v0_27
0 36 21 0
1 113 63 11
2 57 36 3
3 43 26 1
alu-v3_34
0 52 30 0
1 101 63 7
2 80 50 4
3 66 40 2
4gt5_76
0 91 56 0
1 259 171 24
2 154 101 9
3 161 105 10
decod24-v0_38
0 51 30 0
1 93 61 6
2 51 30 0
3 51 30 0
mod5d1_63
0 22 13 0
1 29 17 1
2 22 13 0
3 22 13 0
rd32_270
0 84 47 0
1 126 76 6
2 112 67 4
3 105 59 3
4mod5-v1_22
0 21 12 0
1 56 37 5
2 21 12 0
3 21 12 0
4gt13-v1_93
0 68 39 0
1 159 102 13
2 68 39 0
3 68 39 0
alu-v0_26
0 84 49 0
1 175 108 13
2 175 110 13
3 147 93 9
alu-v2_33
0 37 22 0
1 93 59 8
2 58 37 3
3 65 42 4
graycode6_47
0 5 5 0
1 5 5 0
2 5 5 0
3 5 5 0
xor5_254
0 7 5 0
1 14 10 1
2 7 5 0
3 7 5 0
rd32-v0_66
0 34 20 0
1 76 51 6
2 34 20 0
3 34 20 0
miller_11
0 50 29 0
1 113 75 9
2 50 29 0
3 50 29 0
4gt13_92
0 66 38 0
1 164 103 14
2 66 38 0
3 66 38 0
4mod5-v0_20
0 20 12 0
1 48 32 4
2 20 12 0
3 20 12 0
4mod5-v1_23
0 69 41 0
1 97 55 4
2 97 61 4
3 83 49 2
4mod5-bdd_287
0 70 41 0
1 126 71 8
2 112 71 6
3 91 48 3
alu-v1_29
0 37 22 0
1 114 64 11
2 58 37 3
3 44 27 1
alu-v4_37
0 37 22 0
1 93 60 8
2 58 37 3
3 44 25 1
4mod5-v0_18
0 69 40 0
1 97 54 4
2 97 58 4
3 83 49 2
4gt11_82
0 27 20 0
1 34 25 1
2 34 25 1
3 34 25 1
ex3_229
0 403 226 0
1 753 462 50
2 473 271 10
3 466 270 9
rd53_311
0 275 130 0
1 604 300 47
2 9999999 9999999 9999999
3 499 240 32
4gt13_91
0 103 61 0
1 173 108 10
2 117 70 2
3 166 97 9
4mod7-v0_94
0 162 92 0
1 414 270 36
2 288 172 18
3 274 162 16
hwb4_49
0 233 134 0
1 499 308 38
2 352 217 17
3 345 202 16
rd53_135
0 296 159 0
1 562 331 38
2 674 380 54
3 450 258 22
rd84_142
0 343 110 0
1 693 253 50
2 9999999 9999999 9999999
3 700 265 51
one-two-three-v1_99
0 132 76 0
1 314 194 26
2 209 131 11
3 223 141 13
qft_16
0 512 61 0
1 9999999 9999999 9999999
2 9999999 9999999 9999999
3 9999999 9999999 9999999
sym9_146
0 328 127 0
1 706 309 54
2 9999999 9999999 9999999
3 608 302 40
decod24-v3_45
0 150 84 0
1 374 244 32
2 220 121 10
3 227 130 11
4mod7-v1_96
0 164 94 0
1 353 218 27
2 262 164 14
3 269 167 15
mod8-10_178
0 342 193 0
1 433 243 13
2 615 366 39
3 461 266 17
con1_216
0 954 508 0
1 2193 1197 177
2 2263 1323 187
3 1486 832 76
4gt12-v0_87
0 247 131 0
1 562 324 45
2 261 141 2
3 296 156 7
mod5adder_127
0 555 302 0
1 1332 817 111
2 1017 601 66
3 842 465 41
4gt13_90
0 107 65 0
1 198 124 13
2 128 79 3
3 184 111 11
alu-v2_30
0 504 285 0
1 1176 734 96
2 777 446 39
3 742 430 34
majority_239
0 612 344 0
1 1347 839 105
2 1018 621 58
3 857 502 35
C17_204
0 467 253 0
1 1160 688 99
2 992 592 75
3 628 359 23
4gt4-v1_74
0 273 154 0
1 532 329 37
2 399 238 18
3 336 194 9
aj-e11_165
0 151 86 0
1 382 250 33
2 193 116 6
3 207 121 8
one-two-three-v0_98
0 146 82 0
1 370 234 32
2 195 117 7
3 237 126 13
alu-v2_31
0 451 255 0
1 1046 650 85
2 731 449 40
3 717 430 38
wim_266
0 986 514 0
1 2015 1180 147
2 9999999 9999999 9999999
3 1609 916 89
mod10_171
0 244 139 0
1 517 335 39
2 503 313 37
3 398 243 22
qft_10
0 200 37 0
1 410 135 30
2 410 129 30
3 361 120 23
4gt4-v0_78
0 235 137 0
1 571 352 48
2 291 177 8
3 291 164 8
rd53_138
0 132 56 0
1 293 114 23
2 244 125 16
3 230 121 14
rd53_133
0 580 327 0
1 1294 777 102
2 1042 614 66
3 853 521 39
mod8-10_177
0 440 251 0
1 846 525 58
2 951 579 73
3 538 311 14
rd73_140
0 230 92 0
1 475 185 35
2 9999999 9999999 9999999
3 391 177 23
alu-v2_32
0 163 92 0
1 352 215 27
2 268 167 15
3 268 161 15
sf_276
0 778 435 0
1 1744 1096 138
2 904 515 18
3 1142 660 52
4gt10-v1_81
0 148 84 0
1 344 210 28
2 204 123 8
3 225 128 11
one-two-three-v0_97
0 290 163 0
1 738 443 64
2 381 228 13
3 479 298 27
ising_model_13
0 633 46 0
1 9999999 9999999 9999999
2 633 76 0
3 633 76 0
mod10_176
0 178 101 0
1 444 274 38
2 213 124 5
3 290 181 16
4gt5_77
0 131 74 0
1 271 170 20
2 187 102 8
3 208 120 11
cnt3-5_179
0 175 61 0
1 420 166 35
2 203 81 4
3 210 71 5
sys6-v0_111
0 215 75 0
1 481 188 38
2 439 180 32
3 341 134 18
0410184_169
0 211 104 0
1 554 253 49
2 253 134 6
3 260 113 7
decod24-enable_126
0 338 190 0
1 758 470 60
2 681 423 49
3 513 283 25
4gt4-v0_73
0 395 227 0
1 927 586 76
2 780 486 55
3 591 367 28
sf_274
0 781 436 0
1 1355 822 82
2 1117 626 48
3 886 501 15
4_49_16
0 217 125 0
1 497 320 40
2 399 249 26
3 315 174 14
ising_model_16
0 786 57 0
1 9999999 9999999 9999999
2 786 87 0
3 786 87 0
4gt12-v0_86
0 251 135 0
1 587 334 48
2 272 150 3
3 307 165 8
mini_alu_305
0 173 71 0
1 369 187 28
2 9999999 9999999 9999999
3 250 105 11
rd53_131
0 469 261 0
1 1155 677 98
2 924 548 65
3 679 403 30
cnt3-5_180
0 485 209 0
1 1038 482 79
2 9999999 9999999 9999999
3 856 377 53
alu-v4_36
0 115 66 0
1 269 170 22
2 129 76 2
3 171 99 8
4gt12-v1_89
0 228 130 0
1 494 313 38
2 557 344 47
3 305 179 11
sym6_316
0 270 135 0
1 662 378 56
2 9999999 9999999 9999999
3 480 247 30
ham7_104
0 320 185 0
1 796 491 68
2 495 301 25
3 495 294 25
4gt4-v0_80
0 179 101 0
1 333 206 22
2 291 171 16
3 221 111 6
ising_model_10
0 480 52 0
1 515 107 5
2 480 82 0
3 480 82 0
cm82a_208
0 650 340 0
1 1238 699 84
2 1273 755 89
3 902 454 36
ex2_227
0 631 355 0
1 1478 899 121
2 1023 618 56
3 876 522 35
4gt12-v0_88
0 194 108 0
1 369 222 25
2 383 236 27
3 292 173 14
4gt4-v0_79
0 231 132 0
1 567 345 48
2 287 172 8
3 378 235 21
4gt4-v0_72
0 258 137 0
1 489 297 33
2 475 270 31
3 328 187 10
mini-alu_167
0 288 162 0
1 631 400 49
2 547 329 37
3 484 292 28
radd_250
0 3213 1781 0
1 6790 3985 511
2 9999999 9999999 9999999
3 5838 3428 375
inc_237
0 10619 5864 0
1 9999999 9999999 9999999
2 9999999 9999999 9999999
3 9999999 9999999 9999999
rd84_253
0 13658 7261 0
1 9999999 9999999 9999999
2 9999999 9999999 9999999
3 9999999 9999999 9999999
plus63mod4096_163
0 128744 72246 0
1 9999999 9999999 9999999
2 9999999 9999999 9999999
3 9999999 9999999 9999999
misex1_241
0 4813 2676 0
1 9013 5326 600
2 9006 5236 599
3 8432 4968 517
ground_state_estimation_10
0 390180 217236 0
1 9999999 9999999 9999999
2 9999999 9999999 9999999
3 480571 275253 12913
sqrt8_260
0 3009 1661 0
1 6208 3561 457
2 9999999 9999999 9999999
3 5452 3085 349
sym9_148
0 21504 12087 0
1 9999999 9999999 9999999
2 42525 25222 3003
3 38052 22507 2364
max46_240
0 27126 14257 0
1 9999999 9999999 9999999
2 9999999 9999999 9999999
3 9999999 9999999 9999999
urf1_278
0 54766 30955 0
1 9999999 9999999 9999999
2 9999999 9999999 9999999
3 9999999 9999999 9999999
9symml_195
0 34881 19235 0
1 9999999 9999999 9999999
2 9999999 9999999 9999999
3 9999999 9999999 9999999
clip_206
0 33827 17879 0
1 9999999 9999999 9999999
2 9999999 9999999 9999999
3 9999999 9999999 9999999
cm85a_209
0 11414 6374 0
1 9999999 9999999 9999999
2 9999999 9999999 9999999
3 9999999 9999999 9999999
pm1_249
0 1776 940 0
1 3834 2279 294
2 9999999 9999999 9999999
3 2679 1481 129
rd53_130
0 1043 569 0
1 2373 1417 190
2 2317 1390 182
3 1603 946 80
hwb7_59
0 24379 13437 0
1 50433 29601 3722
2 50293 29541 3702
3 43062 25079 2669
root_255
0 17159 8839 0
1 9999999 9999999 9999999
2 9999999 9999999 9999999
3 9999999 9999999 9999999
urf3_279
0 125362 70702 0
1 9999999 9999999 9999999
2 9999999 9999999 9999999
3 9999999 9999999 9999999
hwb5_53
0 1336 758 0
1 2547 1560 173
2 2407 1429 153
3 2036 1203 100
co14_215
0 17936 8570 0
1 9999999 9999999 9999999
2 9999999 9999999 9999999
3 9999999 9999999 9999999
dist_223
0 38046 19694 0
1 9999999 9999999 9999999
2 9999999 9999999 9999999
3 9999999 9999999 9999999
cycle10_2_110
0 6050 3386 0
1 12777 7467 961
2 9999999 9999999 9999999
3 13225 7829 1025
dc2_222
0 9462 5242 0
1 9999999 9999999 9999999
2 9999999 9999999 9999999
3 9999999 9999999 9999999
urf2_152
0 80480 44100 0
1 154519 90299 10577
2 159958 93808 11354
3 146588 86180 9444
adr4_197
0 3439 1839 0
1 9999999 9999999 9999999
2 9999999 9999999 9999999
3 6603 3705 452
dc1_220
0 1914 1041 0
1 4511 2711 371
2 9999999 9999999 9999999
3 3083 1742 167
z4_268
0 3073 1644 0
1 9999999 9999999 9999999
2 9999999 9999999 9999999
3 5670 3202 371
sym6_145
0 3888 2187 0
1 9138 5716 750
2 7283 4386 485
3 5582 3308 242
hwb9_119
0 207775 116199 0
1 9999999 9999999 9999999
2 9999999 9999999 9999999
3 9999999 9999999 9999999
rd73_252
0 5321 2867 0
1 9999999 9999999 9999999
2 9999999 9999999 9999999
3 9717 5572 628
hwb8_113
0 69380 38717 0
1 9999999 9999999 9999999
2 9999999 9999999 9999999
3 9999999 9999999 9999999
rd53_251
0 1291 712 0
1 2901 1767 230
2 1998 1156 101
3 1928 1117 91
cm42a_207
0 1776 940 0
1 3834 2279 294
2 9999999 9999999 9999999
3 2679 1481 129
squar5_261
0 1993 1051 0
1 4023 2309 290
2 9999999 9999999 9999999
3 3477 1874 212
urf2_277
0 20112 11390 0
1 46586 26548 3782
2 9999999 9999999 9999999
3 42295 24392 3169
hwb6_56
0 6723 3736 0
1 13086 7773 909
2 12246 7314 789
3 11007 6513 612
life_238
0 22445 12511 0
1 9999999 9999999 9999999
2 9999999 9999999 9999999
3 9999999 9999999 9999999
square_root_7
0 7630 3847 0
1 9999999 9999999 9999999
2 9999999 9999999 9999999
3 9999999 9999999 9999999
urf4_187
0 512064 264330 0
1 9999999 9999999 9999999
2 9999999 9999999 9999999
3 9999999 9999999 9999999
sao2_257
0 38577 19563 0
1 9999999 9999999 9999999
2 9999999 9999999 9999999
3 9999999 9999999 9999999
mlp4_245
0 18852 10328 0
1 9999999 9999999 9999999
2 9999999 9999999 9999999
3 9999999 9999999 9999999
ham15_107
0 8763 4819 0
1 9999999 9999999 9999999
2 9999999 9999999 9999999
3 9999999 9999999 9999999
urf1_149
0 184864 99586 0
1 9999999 9999999 9999999
2 9999999 9999999 9999999
3 342539 196438 22525
urf3_155
0 423488 229365 0
1 9999999 9999999 9999999
2 9999999 9999999 9999999
3 9999999 9999999 9999999
cm152a_212
0 1221 684 0
1 2397 1423 168
2 9999999 9999999 9999999
3 2152 1271 133
plus63mod8192_164
0 187112 105142 0
1 9999999 9999999 9999999
2 9999999 9999999 9999999
3 9999999 9999999 9999999
urf6_160
0 171840 93645 0
1 9999999 9999999 9999999
2 9999999 9999999 9999999
3 9999999 9999999 9999999
sym10_262
0 64283 35572 0
1 9999999 9999999 9999999
2 9999999 9999999 9999999
3 9999999 9999999 9999999
sqn_258
0 10223 5458 0
1 9999999 9999999 9999999
2 9999999 9999999 9999999
3 18875 10878 1236
urf5_158
0 164416 89148 0
1 9999999 9999999 9999999
2 9999999 9999999 9999999
3 304423 175337 2000
sym9_193
0 34881 19235 0
1 9999999 9999999 9999999
2 9999999 9999999 9999999
3 9999999 9999999 9999999
urf5_280
0 49829 27822 0
1 9999999 9999999 9999999
2 9999999 9999999 9999999
3 9999999 9999999 9999999
f2_232
0 1206 668 0
1 2732 1672 218
2 2347 1448 163
3 1731 1001 75
0example
0 9 6 0
1 18 15 3
2 12 9 1
3 12 7 1
t # -10
4gt13_92
initial: 66 38 0
main_Zulehner: 108 77 14
main_FY: 66 38 0
main_GQL: 99999999 99999999 99999999
3_17_13
initial: 36 22 0
main_Zulehner: 54 40 6
main_FY: 36 22 0
main_GQL: 36 22 0
4gt13_92
initial: 66 38 0
main_Zulehner: 108 77 14
main_FY: 66 38 0
main_GQL: 66 38 0
4mod5-v1_24
initial: 36 21 0
main_Zulehner: 45 30 3
main_FY: 36 21 0
main_GQL: 36 21 0
decod24-v0_38
initial: 51 30 0
main_Zulehner: 69 49 6
main_FY: 51 30 0
main_GQL: 51 30 0
alu-v1_29
initial: 37 22 0
main_Zulehner: 70 46 11
main_FY: 46 31 3
main_GQL: 40 25 1
alu-v1_28
initial: 37 22 0
main_Zulehner: 70 50 11
main_FY: 46 31 3
main_GQL: 40 25 1
3_17_13
initial: 36 22 0
main_Zulehner: 54 40 6
main_FY: 36 22 0
main_GQL: 36 22 0
alu-v4_37
initial: 37 22 0
main_Zulehner: 61 44 8
main_FY: 46 31 3
main_GQL: 40 23 1
ex1_226
initial: 7 5 0
main_Zulehner: 10 8 1
main_FY: 7 5 0
main_GQL: 7 5 0
4gt5_75
initial: 83 47 0
main_Zulehner: 131 95 16
main_FY: 116 80 11
main_GQL: 104 66 7
rd32_270
initial: 84 47 0
main_Zulehner: 102 64 6
main_FY: 96 59 4
main_GQL: 93 53 3
rd32-v1_68
initial: 36 21 0
main_Zulehner: 54 40 6
main_FY: 36 21 0
main_GQL: 36 21 0
4mod5-bdd_287
initial: 70 41 0
main_Zulehner: 94 59 8
main_FY: 88 59 6
main_GQL: 79 44 3
4mod5-v0_19
initial: 35 21 0
main_Zulehner: 35 21 0
main_FY: 35 21 0
main_GQL: 35 21 0
ham3_102
initial: 20 13 0
main_Zulehner: 29 22 3
main_FY: 20 13 0
main_GQL: 20 13 0
4mod5-v1_22
initial: 21 12 0
main_Zulehner: 36 27 5
main_FY: 21 12 0
main_GQL: 21 12 0
rd32-v0_66
initial: 34 20 0
main_Zulehner: 52 39 6
main_FY: 34 20 0
main_GQL: 34 20 0
4mod5-v0_18
initial: 69 40 0
main_Zulehner: 81 48 4
main_FY: 81 50 4
main_GQL: 75 45 2
4mod5-v0_20
initial: 20 12 0
main_Zulehner: 32 24 4
main_FY: 20 12 0
main_GQL: 20 12 0
decod24-bdd_294
initial: 73 40 0
main_Zulehner: 100 68 9
main_FY: 94 61 7
main_GQL: 79 42 2
alu-v2_33
initial: 37 22 0
main_Zulehner: 61 43 8
main_FY: 46 31 3
main_GQL: 49 34 4
alu-bdd_288
initial: 84 48 0
main_Zulehner: 132 86 16
main_FY: 114 79 10
main_GQL: 93 51 3
graycode6_47
initial: 5 5 0
main_Zulehner: 5 5 0
main_FY: 5 5 0
main_GQL: 5 5 0
4gt13-v1_93
initial: 68 39 0
main_Zulehner: 107 76 13
main_FY: 68 39 0
main_GQL: 68 39 0
4mod5-v1_23
initial: 69 41 0
main_Zulehner: 81 49 4
main_FY: 81 53 4
main_GQL: 75 45 2
one-two-three-v3_101
initial: 70 40 0
main_Zulehner: 112 73 14
main_FY: 79 49 3
main_GQL: 79 49 3
alu-v0_27
initial: 36 21 0
main_Zulehner: 69 45 11
main_FY: 45 30 3
main_GQL: 39 24 1
0example
initial: 9 6 0
main_Zulehner: 24 15 5
main_FY: 12 9 1
main_GQL: 12 7 1
miller_11
initial: 50 29 0
main_Zulehner: 77 57 9
main_FY: 50 29 0
main_GQL: 50 29 0
4gt5_76
initial: 91 56 0
main_Zulehner: 163 125 24
main_FY: 118 83 9
main_GQL: 121 85 10
decod24-v1_41
initial: 85 50 0
main_Zulehner: 127 92 14
main_FY: 88 53 1
main_GQL: 97 57 4
mod5d1_63
initial: 22 13 0
main_Zulehner: 25 15 1
main_FY: 22 13 0
main_GQL: 22 13 0
decod24-v2_43
initial: 52 30 0
main_Zulehner: 79 57 9
main_FY: 52 30 0
main_GQL: 52 30 0
alu-v0_26
initial: 84 49 0
main_Zulehner: 123 83 13
main_FY: 123 84 13
main_GQL: 111 75 9
4gt11_83
initial: 23 16 0
main_Zulehner: 23 16 0
main_FY: 23 16 0
main_GQL: 23 16 0
mod5d2_64
initial: 53 32 0
main_Zulehner: 77 53 8
main_FY: 71 50 6
main_GQL: 62 36 3
alu-v3_35
initial: 37 22 0
main_Zulehner: 61 44 8
main_FY: 46 31 3
main_GQL: 40 25 1
xor5_254
initial: 7 5 0
main_Zulehner: 10 8 1
main_FY: 7 5 0
main_GQL: 7 5 0
4gt11_84
initial: 18 11 0
main_Zulehner: 27 19 3
main_FY: 18 11 0
main_GQL: 18 11 0
4gt11_82
initial: 27 20 0
main_Zulehner: 30 23 1
main_FY: 30 23 1
main_GQL: 30 23 1
ex-1_166
initial: 19 12 0
main_Zulehner: 28 22 3
main_FY: 19 12 0
main_GQL: 19 12 0
alu-v3_34
initial: 52 30 0
main_Zulehner: 73 49 7
main_FY: 64 42 4
main_GQL: 58 36 2
mod5mils_65
initial: 35 21 0
main_Zulehner: 53 40 6
main_FY: 35 21 0
main_GQL: 35 21 0
one-two-three-v2_100
initial: 69 40 0
main_Zulehner: 93 64 8
main_FY: 78 49 3
main_GQL: 78 49 3
one-two-three-v0_97
initial: 290 163 0
main_Zulehner: 482 331 64
main_FY: 329 202 13
main_GQL: 371 244 27
mod5adder_127
initial: 555 302 0
main_Zulehner: 888 609 111
main_FY: 753 481 66
main_GQL: 678 397 41
wim_266
initial: 986 514 0
main_Zulehner: 1427 912 147
main_FY: 9999999 9999999 9999999
main_GQL: 1253 754 89
alu-v4_36
initial: 115 66 0
main_Zulehner: 181 128 22
main_FY: 121 72 2
main_GQL: 139 85 8
sym6_316
initial: 270 135 0
main_Zulehner: 438 280 56
main_FY: 9999999 9999999 9999999
main_GQL: 360 201 30
mod10_171
initial: 244 139 0
main_Zulehner: 361 257 39
main_FY: 355 243 37
main_GQL: 310 201 22
4gt4-v0_73
initial: 395 227 0
main_Zulehner: 623 442 76
main_FY: 560 382 55
main_GQL: 479 311 28
ising_model_13
initial: 633 46 0
main_Zulehner: 660 113 9
main_FY: 633 76 0
main_GQL: 633 76 0
decod24-enable_126
initial: 338 190 0
main_Zulehner: 518 358 60
main_FY: 485 329 49
main_GQL: 413 244 25
mod8-10_177
initial: 440 251 0
main_Zulehner: 614 415 58
main_FY: 659 447 73
main_GQL: 482 285 14
sym9_146
initial: 328 127 0
main_Zulehner: 490 235 54
main_FY: 9999999 9999999 9999999
main_GQL: 448 231 40
con1_216
initial: 954 508 0
main_Zulehner: 1485 919 177
main_FY: 1515 993 187
main_GQL: 1182 702 76
rd53_138
initial: 132 56 0
main_Zulehner: 201 90 23
main_FY: 180 97 16
main_GQL: 174 95 14
alu-v2_31
initial: 451 255 0
main_Zulehner: 706 490 85
main_FY: 571 369 40
main_GQL: 565 358 38
rd53_135
initial: 296 159 0
main_Zulehner: 410 261 38
main_FY: 458 291 54
main_GQL: 362 218 22
cnt3-5_179
initial: 175 61 0
main_Zulehner: 280 124 35
main_FY: 187 73 4
main_GQL: 190 67 5
ex2_227
initial: 631 355 0
main_Zulehner: 994 679 121
main_FY: 799 510 56
main_GQL: 736 452 35
rd53_133
initial: 580 327 0
main_Zulehner: 886 596 102
main_FY: 778 498 66
main_GQL: 697 443 39
ising_model_10
initial: 480 40 0
main_Zulehner: 561 116 27
main_FY: 480 70 0
main_GQL: 480 70 0
4mod7-v1_96
initial: 164 94 0
main_Zulehner: 245 168 27
main_FY: 206 136 14
main_GQL: 209 137 15
4gt13_91
initial: 103 61 0
main_Zulehner: 133 88 10
main_FY: 109 66 2
main_GQL: 130 81 9
4gt4-v0_79
initial: 231 132 0
main_Zulehner: 375 259 48
main_FY: 255 156 8
main_GQL: 294 193 21
alu-v2_32
initial: 163 92 0
main_Zulehner: 244 163 27
main_FY: 208 137 15
main_GQL: 208 133 15
one-two-three-v0_98
initial: 146 82 0
main_Zulehner: 242 174 32
main_FY: 167 103 7
main_GQL: 185 108 13
decod24-v3_45
initial: 150 84 0
main_Zulehner: 246 180 32
main_FY: 180 105 10
main_GQL: 183 110 11
one-two-three-v1_99
initial: 132 76 0
main_Zulehner: 210 146 26
main_FY: 165 109 11
main_GQL: 171 115 13
4gt12-v1_89
initial: 228 130 0
main_Zulehner: 342 239 38
main_FY: 369 256 47
main_GQL: 261 159 11
rd73_140
initial: 230 92 0
main_Zulehner: 335 147 35
main_FY: 9999999 9999999 9999999
main_GQL: 299 143 23
rd84_142
initial: 343 110 0
main_Zulehner: 493 195 50
main_FY: 9999999 9999999 9999999
main_GQL: 496 203 51
4gt13_90
initial: 107 65 0
main_Zulehner: 146 100 13
main_FY: 116 73 3
main_GQL: 140 91 11
hwb4_49
initial: 233 134 0
main_Zulehner: 347 236 38
main_FY: 284 183 17
main_GQL: 281 174 16
4gt12-v0_87
initial: 247 131 0
main_Zulehner: 382 246 45
main_FY: 253 137 2
main_GQL: 268 146 7
rd53_131
initial: 469 261 0
main_Zulehner: 763 509 98
main_FY: 664 432 65
main_GQL: 559 345 30
mini_alu_305
initial: 173 71 0
main_Zulehner: 257 139 28
main_FY: 9999999 9999999 9999999
main_GQL: 206 91 11
ham7_104
initial: 320 185 0
main_Zulehner: 524 367 68
main_FY: 395 253 25
main_GQL: 395 250 25
cm82a_208
initial: 650 340 0
main_Zulehner: 902 553 84
main_FY: 917 587 89
main_GQL: 758 408 36
qft_16
initial: 512 61 0
main_Zulehner: 99999999 99999999 99999999
main_FY: 9999999 9999999 9999999
main_GQL: 99999999 99999999 99999999
aj-e11_165
initial: 151 86 0
main_Zulehner: 250 184 33
main_FY: 169 104 6
main_GQL: 175 107 8
4gt12-v0_88
initial: 194 108 0
main_Zulehner: 269 176 25
main_FY: 275 184 27
main_GQL: 236 147 14
4gt12-v0_86
initial: 251 135 0
main_Zulehner: 395 254 48
main_FY: 260 144 3
main_GQL: 275 153 8
mod8-10_178
initial: 342 193 0
main_Zulehner: 381 221 13
main_FY: 459 294 39
main_GQL: 393 236 17
C17_204
initial: 467 253 0
main_Zulehner: 764 512 99
main_FY: 692 454 75
main_GQL: 536 315 23
4gt5_77
initial: 131 74 0
main_Zulehner: 191 132 20
main_FY: 155 90 8
main_GQL: 164 100 11
majority_239
initial: 612 344 0
main_Zulehner: 927 639 105
main_FY: 786 509 58
main_GQL: 717 438 35
sf_274
initial: 781 436 0
main_Zulehner: 1027 663 82
main_FY: 925 546 48
main_GQL: 826 475 15
ising_model_16
initial: 786 46 0
main_Zulehner: 801 85 5
main_FY: 786 76 0
main_GQL: 786 76 0
4gt10-v1_81
initial: 148 84 0
main_Zulehner: 232 158 28
main_FY: 172 107 8
main_GQL: 181 110 11
4gt4-v1_74
initial: 273 154 0
main_Zulehner: 384 259 37
main_FY: 327 204 18
main_GQL: 300 178 9
ex3_229
initial: 403 226 0
main_Zulehner: 553 366 50
main_FY: 433 253 10
main_GQL: 430 252 9
sys6-v0_111
initial: 215 75 0
main_Zulehner: 329 142 38
main_FY: 311 138 32
main_GQL: 269 110 18
sf_276
initial: 778 435 0
main_Zulehner: 1192 830 138
main_FY: 832 483 18
main_GQL: 934 568 52
4mod7-v0_94
initial: 162 92 0
main_Zulehner: 270 198 36
main_FY: 216 140 18
main_GQL: 210 134 16
4gt4-v0_78
initial: 235 137 0
main_Zulehner: 379 266 48
main_FY: 259 161 8
main_GQL: 259 152 8
mini-alu_167
initial: 288 162 0
main_Zulehner: 435 304 49
main_FY: 399 261 37
main_GQL: 372 240 28
qft_10
initial: 200 37 0
main_Zulehner: 290 103 30
main_FY: 290 101 30
main_GQL: 269 94 23
0410184_169
initial: 211 104 0
main_Zulehner: 358 191 49
main_FY: 229 122 6
main_GQL: 238 119 9
4_49_16
initial: 217 125 0
main_Zulehner: 337 240 40
main_FY: 295 199 26
main_GQL: 259 154 14
mod10_176
initial: 178 101 0
main_Zulehner: 292 204 38
main_FY: 193 114 5
main_GQL: 226 149 16
4gt4-v0_72
initial: 258 137 0
main_Zulehner: 357 233 33
main_FY: 351 216 31
main_GQL: 288 167 10
alu-v2_30
initial: 504 285 0
main_Zulehner: 792 552 96
main_FY: 621 380 39
main_GQL: 606 370 34
4gt4-v0_80
initial: 179 101 0
main_Zulehner: 245 164 22
main_FY: 227 143 16
main_GQL: 197 107 6
cnt3-5_180
initial: 485 209 0
main_Zulehner: 722 372 79
main_FY: 9999999 9999999 9999999
main_GQL: 644 309 53
rd53_311
initial: 275 130 0
main_Zulehner: 428 234 51
main_FY: 9999999 9999999 9999999
main_GQL: 371 192 32
rd53_251
initial: 1291 712 0
main_Zulehner: 1981 1341 230
main_FY: 1594 976 101
main_GQL: 1564 953 91
dc2_222
initial: 9462 5242 0
main_Zulehner: 99999999 99999999 99999999
main_FY: 9999999 9999999 9999999
main_GQL: 99999999 99999999 99999999
pm1_249
initial: 1776 940 0
main_Zulehner: 2658 1739 294
main_FY: 9999999 9999999 9999999
main_GQL: 2163 1263 129
f2_232
initial: 1206 668 0
main_Zulehner: 1860 1268 218
main_FY: 1695 1134 163
main_GQL: 1431 865 75
radd_250
initial: 3213 1781 0
main_Zulehner: 4746 3093 511
main_FY: 9999999 9999999 9999999
main_GQL: 4338 2761 375
sqrt8_260
initial: 3009 1661 0
main_Zulehner: 4380 2787 457
main_FY: 9999999 9999999 9999999
main_GQL: 4056 2503 349
rd53_130
initial: 1043 569 0
main_Zulehner: 1613 1073 190
main_FY: 1589 1060 182
main_GQL: 1283 794 80
adr4_197
initial: 3439 1839 0
main_Zulehner: 99999999 99999999 99999999
main_FY: 9999999 9999999 9999999
main_GQL: 4672 2844 411
urf1_149
initial: 184864 99586 0
main_Zulehner: 99999999 99999999 99999999
main_FY: 9999999 9999999 9999999
main_GQL: 252274 157103 22470
square_root_7
initial: 7630 3847 0
main_Zulehner: 99999999 99999999 99999999
main_FY: 9999999 9999999 9999999
main_GQL: 99999999 99999999 99999999
rd84_253
initial: 13658 7261 0
main_Zulehner: 99999999 99999999 99999999
main_FY: 9999999 9999999 9999999
main_GQL: 18878 11507 1740
rd73_252
initial: 5321 2867 0
main_Zulehner: 7445 4601 708
main_FY: 9999999 9999999 9999999
main_GQL: 7205 4476 628
sym9_193
initial: 34881 19235 0
main_Zulehner: 99999999 99999999 99999999
main_FY: 9999999 9999999 9999999
main_GQL: 99999999 99999999 99999999
urf2_277
initial: 20112 11390 0
main_Zulehner: 31458 20336 3782
main_FY: 9999999 9999999 9999999
main_GQL: 29619 19049 3169
sym9_148
initial: 21504 12087 0
main_Zulehner: 99999999 99999999 99999999
main_FY: 30513 19905 3003
main_GQL: 28596 18284 2364
urf3_155
initial: 423488 229365 0
main_Zulehner: 99999999 99999999 99999999
main_FY: 9999999 9999999 9999999
main_GQL: 99999999 99999999 99999999
life_238
initial: 22445 12511 0
main_Zulehner: 99999999 99999999 99999999
main_FY: 9999999 9999999 9999999
main_GQL: 99999999 99999999 99999999
co14_215
initial: 17936 8570 0
main_Zulehner: 99999999 99999999 99999999
main_FY: 9999999 9999999 9999999
main_GQL: 99999999 99999999 99999999
ground_state_estimation_10
initial: 390180 217236 0
main_Zulehner: 435843 260172 15221
main_FY: 9999999 9999999 9999999
main_GQL: 427911 255088 12577
inc_237
initial: 10619 5864 0
main_Zulehner: 99999999 99999999 99999999
main_FY: 9999999 9999999 9999999
main_GQL: 14645 9248 1342
hwb9_119
initial: 207775 116199 0
main_Zulehner: 99999999 99999999 99999999
hwb9_119
initial: 207775 116199 0
main_Zulehner: 99999999 99999999 99999999
main_FY: 9999999 9999999 9999999
hwb9_119
initial: 207775 116199 0
main_Zulehner: 99999999 99999999 99999999
main_FY: 9999999 9999999 9999999
main_GQL: 99999999 99999999 99999999
sqn_258
initial: 10223 5458 0
main_Zulehner: 99999999 99999999 99999999
main_FY: 9999999 9999999 9999999
main_GQL: 13931 8686 1236
root_255
initial: 17159 8839 0
main_Zulehner: 99999999 99999999 99999999
main_FY: 9999999 9999999 9999999
main_GQL: 99999999 99999999 99999999
urf1_278
initial: 54766 30955 0
main_Zulehner: 99999999 99999999 99999999
main_FY: 9999999 9999999 9999999
main_GQL: 80389 51253 8541
misex1_241
initial: 4813 2676 0
main_Zulehner: 6613 4258 600
misex1_241
initial: 4813 2676 0
main_Zulehner: 6613 4258 600
misex1_241
initial: 4813 2676 0
main_Zulehner: 6613 4258 600
main_FY: 6610 4203 599
main_GQL: 6364 4046 517
sym10_262
initial: 64283 35572 0
main_Zulehner: 99999999 99999999 99999999
main_FY: 9999999 9999999 9999999
main_GQL: 99999999 99999999 99999999
plus63mod8192_164
initial: 187112 105142 0
main_Zulehner: 99999999 99999999 99999999
main_FY: 9999999 9999999 9999999
main_GQL: 99999999 99999999 99999999
clip_206
initial: 33827 17879 0
main_Zulehner: 99999999 99999999 99999999
main_FY: 9999999 9999999 9999999
main_GQL: 99999999 99999999 99999999
z4_268
initial: 3073 1644 0
main_Zulehner: 99999999 99999999 99999999
main_FY: 9999999 9999999 9999999
main_GQL: 4186 2569 371
sym6_145
initial: 3888 2187 0
main_Zulehner: 6138 4294 750
main_FY: 5343 3494 485
main_GQL: 4614 2850 242
dist_223
initial: 38046 19694 0
main_Zulehner: 99999999 99999999 99999999
main_FY: 9999999 9999999 9999999
main_GQL: 99999999 99999999 99999999
urf2_152
initial: 80480 44100 0
main_Zulehner: 112211 71645 10577
main_FY: 114542 73748 11354
main_GQL: 108812 69205 9444
cm42a_207
initial: 1776 940 0
main_Zulehner: 2658 1739 294
main_FY: 9999999 9999999 9999999
main_GQL: 2163 1263 129
hwb8_113
initial: 69380 38717 0
main_Zulehner: 99999999 99999999 99999999
main_FY: 9999999 9999999 9999999
main_GQL: 96734 62156 9118
cm85a_209
initial: 11414 6374 0
main_Zulehner: 99999999 99999999 99999999
main_FY: 9999999 9999999 9999999
main_GQL: 99999999 99999999 99999999
max46_240
initial: 27126 14257 0
main_Zulehner: 99999999 99999999 99999999
main_FY: 9999999 9999999 9999999
main_GQL: 99999999 99999999 99999999
cycle10_2_110
initial: 6050 3386 0
main_Zulehner: 8933 5826 961
main_FY: 9999999 9999999 9999999
main_GQL: 8288 5287 746
urf5_158
initial: 164416 89148 0
main_Zulehner: 99999999 99999999 99999999
main_FY: 9999999 9999999 9999999
urf5_158
initial: 164416 89148 0
main_Zulehner: 99999999 99999999 99999999
main_FY: 9999999 9999999 9999999
main_GQL: 224419 140497 20001
urf3_279
initial: 125362 70702 0
main_Zulehner: 99999999 99999999 99999999
main_FY: 9999999 9999999 9999999
main_GQL: 99999999 99999999 99999999
ham15_107
initial: 8763 4819 0
main_Zulehner: 99999999 99999999 99999999
main_FY: 9999999 9999999 9999999
main_GQL: 99999999 99999999 99999999
urf6_160
initial: 171840 93645 0
main_Zulehner: 99999999 99999999 99999999
main_FY: 9999999 9999999 9999999
main_GQL: 99999999 99999999 99999999
plus63mod4096_163
initial: 128744 72246 0
main_Zulehner: 99999999 99999999 99999999
main_FY: 9999999 9999999 9999999
main_GQL: 99999999 99999999 99999999
hwb7_59
initial: 24379 13437 0
main_Zulehner: 35545 23025 3722
main_FY: 35485 23017 3702
main_GQL: 32386 20365 2669
dc1_220
initial: 1914 1041 0
main_Zulehner: 3027 2035 371
main_FY: 9999999 9999999 9999999
main_GQL: 2415 1454 167
sao2_257
initial: 38577 19563 0
main_Zulehner: 99999999 99999999 99999999
main_FY: 9999999 9999999 9999999
main_GQL: 99999999 99999999 99999999
squar5_261
initial: 1993 1051 0
main_Zulehner: 2863 1801 290
main_FY: 9999999 9999999 9999999
main_GQL: 2629 1538 212
mlp4_245
initial: 18852 10328 0
main_Zulehner: 99999999 99999999 99999999
main_FY: 9999999 9999999 9999999
main_GQL: 99999999 99999999 99999999
hwb6_56
initial: 6723 3736 0
main_Zulehner: 9450 6129 909
main_FY: 9090 5861 789
main_GQL: 8559 5385 612
9symml_195
initial: 34881 19235 0
main_Zulehner: 99999999 99999999 99999999
main_FY: 9999999 9999999 9999999
main_GQL: 99999999 99999999 99999999
hwb5_53
initial: 1336 758 0
main_Zulehner: 1855 1234 173
main_FY: 1795 1153 153
main_GQL: 1636 1023 100
urf4_187
initial: 512064 264330 0
main_Zulehner: 99999999 99999999 99999999
main_FY: 9999999 9999999 9999999
main_GQL: 99999999 99999999 99999999
cm152a_212
initial: 1221 684 0
main_Zulehner: 1725 1125 168
main_FY: 9999999 9999999 9999999
main_GQL: 1620 1035 133
urf5_280
initial: 49829 27822 0
main_Zulehner: 99999999 99999999 99999999
main_FY: 9999999 9999999 9999999
main_GQL: 99999999 99999999 99999999
