4gt13_92
0 30 30 38 0
4mod5-v1_24
0 16 16 21 0
decod24-v0_38
0 23 23 30 0
alu-v4_36
38 51 87 66 12
alu-v1_29
0 17 29 22 4
alu-v1_28
7 18 24 22 2
3_17_13
0 17 17 22 0
rd53_138
25 60 99 56 13
alu-v4_37
17 18 24 22 2
ex1_226
0 5 5 5 0
cnt3-5_179
1 85 103 61 6
ising_model_10
0 90 90 40 0
4gt5_75
15 38 53 47 5
4mod7-v1_96
54 72 120 94 16
4gt13_91
6 49 70 69 7
rd32_270
2 36 45 47 3
rd32-v1_68
0 16 16 21 0
alu-v2_32
38 72 114 92 14
4mod5-bdd_287
2 31 37 43 2
one-two-three-v0_98
0 65 98 82 11
decod24-v3_45
32 64 106 84 14
4mod5-v0_19
0 16 16 21 0
one-two-three-v1_99
1 59 92 76 11
ham3_102
0 11 11 13 0
4mod5-v1_22
0 11 11 12 0
rd32-v0_66
0 16 16 20 0
4gt13_90
6 53 74 73 7
4mod5-v0_18
83 31 37 40 2
4mod5-v0_20
0 10 10 12 0
mini_alu_305
204 77 110 77 11
decod24-bdd_294
2 32 41 40 3
alu-v2_33
0 17 29 22 4
alu-bdd_288
45 38 50 48 4
graycode6_47
0 5 5 5 0
4gt13-v1_93
0 30 30 39 0
4mod5-v1_23
2 32 47 41 5
one-two-three-v3_101
4 32 41 40 3
alu-v0_27
17 17 23 21 2
aj-e11_165
1 69 93 86 8
4gt12-v0_88
106 86 110 123 8
0example
51 9 12 6 1
miller_11
0 23 23 29 0
4gt5_76
50 46 67 56 7
decod24-v1_41
35 38 50 50 4
4gt5_77
9 58 94 74 12
mod5d1_63
0 13 13 13 0
decod24-v2_43
0 22 22 30 0
alu-v0_26
0 38 59 49 7
4gt10-v1_81
23 66 105 90 13
4gt11_83
0 14 14 16 0
mod5d2_64
28 25 37 42 4
sys6-v0_111
104 98 152 100 18
4mod7-v0_94
8 72 96 92 8
alu-v3_35
2 18 24 22 2
qft_10
23 90 159 72 23
4_49_16
0 99 159 125 20
xor5_254
0 5 5 5 0
4gt11_84
0 9 9 11 0
mod10_176
2 78 120 101 14
4gt11_82
1 18 21 20 1
ex-1_166
0 9 9 12 0
4gt4-v0_80
59 79 103 107 8
alu-v3_34
16 24 30 30 2
mod5mils_65
0 16 16 21 0
one-two-three-v2_100
0 32 41 40 3
one-two-three-v0_97
6 128 191 192 21
mod5adder_127
28 239 302 332 21
rd53_251
12 564 786 834 74
wim_266
2 427 649 591 74
sym6_316
200 123 219 190 32
mod10_171
0 108 159 139 17
pm1_249
17 771 1158 1033 129
f2_232
6 525 801 755 92
4gt4-v0_73
0 179 254 227 25
ising_model_13
0 120 120 46 0
decod24-enable_126
19 149 230 198 27
mod8-10_177
17 196 238 256 14
sym9_146
31 148 241 154 31
con1_216
2 415 640 553 75
rd53_130
38 448 715 577 89
alu-v2_31
11 198 315 255 39
rd53_135
22 134 200 162 22
ex2_227
28 275 413 404 46
rd53_133
12 256 373 327 39
4gt4-v0_79
51 105 153 132 16
4gt12-v1_89
9 100 157 135 19
rd73_140
64 104 179 131 25
rd84_142
24 154 280 174 42
hwb4_49
0 107 149 134 14
4gt12-v0_87
10 112 133 135 7
rd53_131
100 200 263 261 21
ham7_104
17 149 239 185 30
cm82a_208
59 283 418 396 45
cm42a_207
17 771 1158 1033 129
qft_16
0 240 471 166 77
4gt12-v0_86
10 116 140 139 8
mod8-10_178
0 152 167 193 5
C17_204
3 205 283 255 26
majority_239
37 267 384 344 39
sf_274
2 336 366 436 10
ising_model_16
0 150 150 46 0
4gt4-v1_74
8 119 146 168 9
ex3_229
7 175 199 235 8
sf_276
40 336 489 435 51
4gt4-v0_78
0 109 145 137 12
dc1_220
4 833 1325 1191 164
mini-alu_167
1 126 207 162 27
0410184_169
1 104 137 127 11
squar5_261
18 869 1412 1161 181
4gt4-v0_72
3 113 155 146 14
alu-v2_30
19 223 337 292 38
hwb5_53
20 598 874 822 92
cnt3-5_180
5 215 356 268 47
rd53_311
12 124 235 175 37
cm152a_212
4 532 835 745 101
dc2_222
0 4131 8445 6434 1438
radd_250
8 1405 2431 1978 342
sqrt8_260
21 1314 2448 1897 378
adr4_197
19 1498 2749 2214 417
urf1_149
56 80878 145684 125733 21602
square_root_7
30 3089 5663 4771 858
rd84_253
20 5960 11072 8657 1704
rd73_252
5 2319 3882 3505 521
sym9_193
3 15232 27391 23006 4053
urf2_277
3 10066 18184 15550 2706
sym9_148
4 9408 14844 13991 1812
urf3_155
9 185276 330446 288564 48390
life_238
22 9800 17579 14800 2593
co14_215
5 7840 15601 10839 2587
ground_state_estimation_10
4 154209 194610 224947 13467
inc_237
1 4636 7780 6517 1048
hwb9_119
15 90955 156208 138822 21751
sqn_258
13 4459 7675 6696 1072
root_255
22 7493 13064 10836 1857
urf1_278
44 26692 48406 42196 7238
misex1_241
0 2100 3174 3071 358
sym10_262
15 28084 51502 41381 7806
plus63mod8192_164
4 81865 161854 127339 26663
clip_206
1 14772 27858 21833 4362
z4_268
13 1343 2225 1970 294
sym6_145
1 1701 2451 2356 250
dist_223
11 16624 30619 23625 4665
urf2_152
11 35210 60584 52592 8458
hwb8_113
7 30372 51543 49472 7057
cm85a_209
7 4986 9060 7797 1358
max46_240
0 11844 19788 17807 2648
cycle10_2_110
12 2648 4784 3939 712
urf5_158
36 71932 130177 111370 19415
urf3_279
15 60380 111305 92953 16975
ham15_107
0 3858 7542 5637 1228
urf6_160
1 75180 149313 111246 24711
plus63mod4096_163
11 56329 109573 86260 17748
hwb7_59
53 10681 17761 16510 2360
sao2_257
14 16864 32092 23607 5076
mlp4_245
0 8232 16545 12364 2771
hwb6_56
63 2952 4809 4037 619
9symml_195
3 15232 27391 23006 4053
urf4_187
21 224028 360417 318149 45463
urf5_280
0 23764 51172 42216 9136