[20, 20, 20, 20, 20, 20, 20, 4, 1, 20, 20, 20, 20, 0, 3, 20, 20, 20, 2, 20]
[20, 20, 20, 20, 20, 1, 4, 20, 20, 20, 20, 0, 3, 20, 20, 20, 20, 2, 20, 20]
[20, 20, 20, 20, 20, 1, 20, 20, 20, 20, 4, 0, 3, 20, 20, 20, 20, 2, 20, 20]
[20, 20, 20, 20, 20, 20, 20, 20, 2, 20, 20, 1, 0, 3, 20, 20, 4, 20, 20, 20]
[20, 20, 20, 20, 20, 20, 20, 20, 3, 20, 20, 4, 0, 2, 20, 20, 1, 20, 20, 20]
[20, 20, 20, 20, 20, 20, 20, 20, 2, 20, 20, 1, 0, 3, 20, 20, 20, 4, 20, 20]
[20, 20, 20, 20, 20, 20, 20, 1, 4, 20, 20, 3, 0, 20, 20, 20, 20, 2, 20, 20]
[20, 20, 20, 20, 20, 20, 20, 20, 3, 20, 20, 20, 0, 2, 20, 20, 1, 4, 20, 20]
[20, 20, 20, 20, 20, 20, 20, 1, 20, 20, 20, 3, 0, 4, 20, 20, 20, 2, 20, 20]
[20, 2, 3, 20, 20, 20, 20, 0, 20, 20, 20, 20, 4, 1, 20, 20, 20, 20, 20, 20]
[20, 20, 20, 20, 20, 20, 20, 20, 1, 20, 20, 20, 4, 0, 3, 20, 20, 20, 2, 20]
[20, 2, 3, 20, 20, 20, 20, 0, 4, 20, 20, 20, 20, 1, 20, 20, 20, 20, 20, 20]
[20, 20, 20, 20, 1, 20, 20, 2, 0, 4, 20, 20, 20, 3, 20, 20, 20, 20, 20, 20]
[20, 20, 20, 20, 20, 20, 20, 1, 4, 20, 20, 20, 20, 0, 20, 20, 20, 20, 3, 2]
[20, 20, 20, 4, 1, 20, 20, 2, 0, 20, 20, 20, 20, 3, 20, 20, 20, 20, 20, 20]
[20, 20, 20, 20, 20, 20, 20, 3, 20, 20, 20, 4, 0, 2, 20, 20, 1, 20, 20, 20]
[20, 20, 20, 20, 20, 20, 20, 3, 20, 20, 20, 20, 0, 2, 20, 20, 1, 4, 20, 20]
[20, 20, 20, 20, 20, 20, 20, 1, 20, 20, 20, 20, 4, 0, 20, 20, 20, 20, 3, 2]
[20, 2, 20, 20, 20, 20, 0, 3, 20, 20, 4, 1, 20, 20, 20, 20, 20, 20, 20, 20]
[20, 4, 1, 20, 20, 2, 0, 20, 20, 20, 3, 20, 20, 20, 20, 20, 20, 20, 20, 20]
[20, 2, 20, 20, 20, 4, 0, 3, 20, 20, 20, 1, 20, 20, 20, 20, 20, 20, 20, 20]
[20, 2, 20, 20, 20, 20, 3, 0, 4, 20, 20, 20, 20, 1, 20, 20, 20, 20, 20, 20]
[20, 4, 20, 20, 20, 3, 0, 1, 20, 20, 2, 20, 20, 20, 20, 20, 20, 20, 20, 20]
[20, 20, 4, 20, 20, 3, 0, 1, 20, 20, 2, 20, 20, 20, 20, 20, 20, 20, 20, 20]
[20, 20, 1, 20, 20, 2, 0, 4, 20, 20, 3, 20, 20, 20, 20, 20, 20, 20, 20, 20]
[20, 4, 1, 20, 20, 2, 0, 20, 20, 20, 20, 3, 20, 20, 20, 20, 20, 20, 20, 20]
[20, 20, 20, 20, 20, 1, 20, 20, 20, 20, 4, 0, 20, 20, 20, 20, 3, 2, 20, 20]
[20, 20, 20, 3, 2, 20, 20, 1, 0, 20, 20, 20, 4, 20, 20, 20, 20, 20, 20, 20]
[20, 20, 20, 3, 2, 20, 20, 1, 0, 20, 20, 20, 20, 4, 20, 20, 20, 20, 20, 20]
[20, 20, 20, 20, 4, 20, 20, 20, 0, 1, 20, 20, 2, 3, 20, 20, 20, 20, 20, 20]
[20, 20, 1, 20, 20, 2, 0, 4, 20, 20, 20, 3, 20, 20, 20, 20, 20, 20, 20, 20]
[20, 2, 20, 20, 20, 20, 3, 0, 20, 20, 20, 20, 4, 1, 20, 20, 20, 20, 20, 20]
[20, 20, 20, 20, 20, 1, 4, 20, 20, 20, 20, 0, 20, 20, 20, 20, 3, 2, 20, 20]
[20, 20, 20, 20, 20, 20, 1, 20, 20, 20, 4, 0, 3, 20, 20, 20, 2, 20, 20, 20]
[20, 20, 20, 20, 20, 4, 1, 20, 20, 20, 20, 0, 3, 20, 20, 20, 2, 20, 20, 20]
[20, 20, 20, 20, 20, 20, 20, 2, 3, 20, 20, 20, 20, 0, 1, 20, 20, 20, 20, 4]
[20, 20, 20, 20, 20, 20, 20, 2, 3, 20, 20, 20, 20, 0, 1, 20, 20, 20, 4, 20]
[20, 4, 20, 20, 20, 20, 0, 1, 20, 20, 2, 3, 20, 20, 20, 20, 20, 20, 20, 20]
[20, 20, 4, 20, 20, 20, 0, 1, 20, 20, 2, 3, 20, 20, 20, 20, 20, 20, 20, 20]
[20, 3, 2, 20, 20, 1, 0, 20, 20, 20, 4, 20, 20, 20, 20, 20, 20, 20, 20, 20]
[20, 3, 2, 20, 20, 1, 0, 20, 20, 20, 20, 4, 20, 20, 20, 20, 20, 20, 20, 20]
[20, 20, 20, 20, 20, 20, 20, 20, 3, 20, 20, 20, 2, 0, 20, 20, 20, 20, 4, 1]
[20, 20, 20, 20, 20, 20, 20, 20, 3, 20, 20, 20, 2, 0, 4, 20, 20, 20, 20, 1]
[20, 20, 20, 20, 2, 20, 20, 1, 0, 3, 20, 20, 20, 4, 20, 20, 20, 20, 20, 20]
[20, 20, 20, 20, 20, 20, 20, 3, 20, 20, 20, 20, 2, 0, 20, 20, 20, 20, 4, 1]
[20, 20, 20, 20, 3, 20, 20, 20, 0, 2, 20, 20, 1, 4, 20, 20, 20, 20, 20, 20]
[20, 1, 20, 20, 20, 20, 4, 0, 3, 20, 20, 20, 20, 2, 20, 20, 20, 20, 20, 20]
[20, 20, 20, 1, 4, 20, 20, 3, 0, 20, 20, 20, 20, 2, 20, 20, 20, 20, 20, 20]
[20, 20, 20, 20, 3, 20, 20, 4, 0, 2, 20, 20, 1, 20, 20, 20, 20, 20, 20, 20]
[20, 20, 20, 20, 2, 20, 20, 1, 0, 3, 20, 20, 4, 20, 20, 20, 20, 20, 20, 20]
[20, 1, 4, 20, 20, 20, 20, 0, 3, 20, 20, 20, 20, 2, 20, 20, 20, 20, 20, 20]
[20, 20, 20, 20, 20, 20, 20, 3, 20, 20, 20, 20, 2, 0, 4, 20, 20, 20, 20, 1]
[20, 20, 20, 20, 20, 20, 20, 2, 20, 20, 20, 20, 3, 0, 1, 20, 20, 20, 4, 20]
[20, 20, 20, 20, 20, 20, 20, 2, 20, 20, 20, 20, 3, 0, 1, 20, 20, 20, 20, 4]
[20, 20, 20, 20, 20, 20, 20, 20, 1, 20, 20, 20, 4, 0, 20, 20, 20, 20, 2, 3]
[20, 20, 20, 20, 20, 20, 20, 4, 1, 20, 20, 20, 20, 0, 20, 20, 20, 20, 2, 3]
[20, 20, 20, 20, 20, 20, 20, 1, 4, 20, 20, 20, 0, 20, 20, 20, 3, 2, 20, 20]
[20, 20, 20, 20, 20, 20, 20, 4, 1, 20, 20, 3, 0, 20, 20, 20, 2, 20, 20, 20]
[20, 20, 20, 20, 20, 20, 20, 1, 20, 20, 20, 20, 0, 4, 20, 20, 3, 2, 20, 20]
[20, 20, 20, 20, 20, 20, 20, 20, 1, 20, 20, 3, 0, 4, 20, 20, 2, 20, 20, 20]
[20, 20, 20, 20, 20, 2, 3, 20, 20, 20, 20, 0, 1, 20, 20, 20, 4, 20, 20, 20]
[20, 20, 20, 20, 20, 2, 3, 20, 20, 20, 20, 0, 1, 20, 20, 20, 20, 4, 20, 20]
[20, 20, 20, 20, 20, 20, 20, 2, 3, 20, 20, 4, 0, 20, 20, 20, 1, 20, 20, 20]
[20, 20, 20, 20, 20, 20, 20, 3, 2, 20, 20, 4, 0, 20, 20, 20, 20, 1, 20, 20]
[20, 20, 20, 20, 20, 20, 20, 20, 1, 20, 20, 20, 4, 0, 2, 20, 20, 20, 3, 20]
[20, 20, 20, 20, 20, 20, 20, 4, 1, 20, 20, 20, 20, 0, 2, 20, 20, 20, 3, 20]
[20, 20, 20, 20, 20, 20, 20, 2, 3, 20, 20, 20, 0, 20, 20, 20, 1, 4, 20, 20]
[20, 20, 20, 20, 20, 20, 20, 3, 2, 20, 20, 20, 0, 20, 20, 20, 4, 1, 20, 20]
[20, 20, 20, 20, 20, 20, 3, 20, 20, 20, 2, 0, 20, 20, 20, 20, 4, 1, 20, 20]
[20, 20, 20, 20, 20, 20, 20, 4, 20, 20, 20, 20, 1, 0, 3, 20, 20, 20, 2, 20]
[20, 20, 20, 20, 20, 20, 20, 20, 4, 20, 20, 20, 1, 0, 3, 20, 20, 20, 2, 20]
[20, 20, 20, 20, 20, 20, 3, 20, 20, 20, 2, 0, 4, 20, 20, 20, 20, 1, 20, 20]
[20, 20, 20, 20, 20, 20, 20, 4, 1, 20, 20, 20, 0, 20, 20, 20, 2, 3, 20, 20]
[20, 20, 20, 20, 20, 20, 20, 20, 1, 20, 20, 20, 0, 4, 20, 20, 2, 3, 20, 20]
[20, 3, 20, 20, 20, 20, 0, 2, 20, 20, 1, 4, 20, 20, 20, 20, 20, 20, 20, 20]
[20, 3, 20, 20, 20, 4, 0, 2, 20, 20, 1, 20, 20, 20, 20, 20, 20, 20, 20, 20]
[20, 1, 4, 20, 20, 20, 20, 0, 20, 20, 20, 20, 3, 2, 20, 20, 20, 20, 20, 20]
[20, 1, 20, 20, 20, 20, 4, 0, 20, 20, 20, 20, 3, 2, 20, 20, 20, 20, 20, 20]
[20, 20, 20, 20, 20, 4, 1, 20, 20, 20, 20, 0, 20, 20, 20, 20, 2, 3, 20, 20]
[20, 20, 20, 20, 20, 20, 1, 20, 20, 20, 4, 0, 20, 20, 20, 20, 2, 3, 20, 20]
[20, 20, 3, 20, 20, 20, 0, 2, 20, 20, 1, 4, 20, 20, 20, 20, 20, 20, 20, 20]
[20, 1, 4, 20, 20, 3, 0, 20, 20, 20, 20, 2, 20, 20, 20, 20, 20, 20, 20, 20]
[20, 20, 3, 20, 20, 4, 0, 2, 20, 20, 1, 20, 20, 20, 20, 20, 20, 20, 20, 20]
[20, 20, 2, 20, 20, 1, 0, 3, 20, 20, 20, 4, 20, 20, 20, 20, 20, 20, 20, 20]
[20, 20, 2, 20, 20, 1, 0, 3, 20, 20, 4, 20, 20, 20, 20, 20, 20, 20, 20, 20]
[20, 4, 1, 20, 20, 20, 20, 0, 3, 20, 20, 20, 2, 20, 20, 20, 20, 20, 20, 20]
[20, 20, 1, 20, 20, 20, 4, 0, 3, 20, 20, 20, 2, 20, 20, 20, 20, 20, 20, 20]
[20, 20, 20, 20, 20, 3, 20, 20, 20, 20, 2, 0, 20, 20, 20, 20, 4, 1, 20, 20]
[20, 1, 20, 20, 20, 3, 0, 4, 20, 20, 20, 2, 20, 20, 20, 20, 20, 20, 20, 20]
[20, 20, 20, 20, 20, 2, 20, 20, 20, 20, 3, 0, 1, 20, 20, 20, 4, 20, 20, 20]
[20, 20, 20, 20, 20, 3, 20, 20, 20, 20, 2, 0, 4, 20, 20, 20, 20, 1, 20, 20]
[20, 20, 20, 20, 20, 2, 20, 20, 20, 20, 3, 0, 1, 20, 20, 20, 20, 4, 20, 20]
[20, 20, 20, 20, 20, 3, 2, 20, 20, 20, 20, 0, 4, 20, 20, 20, 1, 20, 20, 20]
[20, 20, 20, 20, 20, 20, 20, 20, 2, 20, 20, 20, 3, 0, 4, 20, 20, 20, 1, 20]
[20, 20, 20, 20, 20, 3, 2, 20, 20, 20, 20, 0, 20, 20, 20, 20, 1, 4, 20, 20]
[20, 20, 20, 20, 20, 20, 20, 20, 2, 20, 20, 20, 3, 0, 20, 20, 20, 20, 1, 4]
[20, 1, 4, 20, 20, 3, 0, 20, 20, 20, 2, 20, 20, 20, 20, 20, 20, 20, 20, 20]
[20, 20, 20, 20, 20, 20, 20, 2, 3, 20, 20, 4, 0, 20, 20, 20, 20, 1, 20, 20]
[20, 20, 20, 20, 20, 20, 20, 20, 2, 20, 20, 20, 0, 3, 20, 20, 1, 4, 20, 20]
[20, 3, 20, 20, 20, 20, 0, 2, 20, 20, 4, 1, 20, 20, 20, 20, 20, 20, 20, 20]
[20, 20, 20, 20, 20, 20, 20, 20, 2, 20, 20, 4, 0, 3, 20, 20, 1, 20, 20, 20]
[20, 3, 20, 20, 20, 4, 0, 2, 20, 20, 20, 1, 20, 20, 20, 20, 20, 20, 20, 20]
[20, 20, 20, 20, 20, 20, 20, 2, 3, 20, 20, 20, 0, 20, 20, 20, 4, 1, 20, 20]
[20, 2, 20, 20, 20, 1, 0, 3, 20, 20, 20, 4, 20, 20, 20, 20, 20, 20, 20, 20]
[20, 2, 20, 20, 20, 1, 0, 3, 20, 20, 4, 20, 20, 20, 20, 20, 20, 20, 20, 20]
[20, 1, 20, 20, 20, 20, 4, 0, 20, 20, 20, 20, 2, 3, 20, 20, 20, 20, 20, 20]
[20, 20, 1, 20, 20, 20, 4, 0, 20, 20, 20, 20, 3, 2, 20, 20, 20, 20, 20, 20]
[20, 4, 20, 20, 20, 2, 0, 1, 20, 20, 3, 20, 20, 20, 20, 20, 20, 20, 20, 20]
[20, 20, 4, 20, 20, 2, 0, 1, 20, 20, 3, 20, 20, 20, 20, 20, 20, 20, 20, 20]
[20, 1, 20, 20, 20, 3, 0, 4, 20, 20, 2, 20, 20, 20, 20, 20, 20, 20, 20, 20]
[20, 1, 4, 20, 20, 20, 20, 0, 20, 20, 20, 20, 2, 3, 20, 20, 20, 20, 20, 20]
[20, 4, 1, 20, 20, 20, 20, 0, 20, 20, 20, 20, 3, 2, 20, 20, 20, 20, 20, 20]
[20, 4, 1, 20, 20, 3, 0, 20, 20, 20, 20, 2, 20, 20, 20, 20, 20, 20, 20, 20]
[20, 20, 20, 1, 4, 20, 20, 20, 0, 20, 20, 20, 2, 3, 20, 20, 20, 20, 20, 20]
[20, 20, 20, 4, 1, 20, 20, 20, 0, 20, 20, 20, 3, 2, 20, 20, 20, 20, 20, 20]
[20, 20, 3, 20, 20, 20, 0, 2, 20, 20, 4, 1, 20, 20, 20, 20, 20, 20, 20, 20]
[20, 20, 3, 20, 20, 4, 0, 2, 20, 20, 20, 1, 20, 20, 20, 20, 20, 20, 20, 20]
[20, 20, 20, 20, 1, 20, 20, 20, 0, 4, 20, 20, 3, 2, 20, 20, 20, 20, 20, 20]
[20, 3, 20, 20, 20, 20, 2, 0, 20, 20, 20, 20, 1, 4, 20, 20, 20, 20, 20, 20]
[20, 4, 20, 20, 20, 2, 0, 1, 20, 20, 20, 3, 20, 20, 20, 20, 20, 20, 20, 20]
[20, 20, 20, 20, 20, 1, 4, 20, 20, 20, 20, 0, 2, 20, 20, 20, 3, 20, 20, 20]
[20, 20, 4, 20, 20, 2, 0, 1, 20, 20, 20, 3, 20, 20, 20, 20, 20, 20, 20, 20]
[20, 20, 20, 20, 20, 20, 20, 20, 4, 20, 20, 20, 1, 0, 20, 20, 20, 20, 3, 2]
[20, 20, 20, 20, 20, 1, 20, 20, 20, 20, 4, 0, 2, 20, 20, 20, 3, 20, 20, 20]
[20, 20, 20, 20, 20, 20, 20, 4, 20, 20, 20, 20, 1, 0, 20, 20, 20, 20, 3, 2]
[20, 20, 1, 20, 20, 3, 0, 4, 20, 20, 20, 2, 20, 20, 20, 20, 20, 20, 20, 20]
[20, 3, 20, 20, 20, 20, 2, 0, 4, 20, 20, 20, 1, 20, 20, 20, 20, 20, 20, 20]
[20, 20, 20, 20, 20, 1, 4, 20, 20, 20, 20, 0, 2, 20, 20, 20, 20, 3, 20, 20]
[20, 20, 3, 20, 20, 20, 2, 0, 20, 20, 20, 20, 1, 4, 20, 20, 20, 20, 20, 20]
[20, 20, 20, 20, 20, 1, 20, 20, 20, 20, 4, 0, 2, 20, 20, 20, 20, 3, 20, 20]
[20, 20, 3, 20, 20, 20, 2, 0, 4, 20, 20, 20, 1, 20, 20, 20, 20, 20, 20, 20]
[20, 20, 2, 20, 20, 20, 3, 0, 1, 20, 20, 20, 20, 4, 20, 20, 20, 20, 20, 20]
[20, 20, 2, 20, 20, 20, 3, 0, 1, 20, 20, 20, 4, 20, 20, 20, 20, 20, 20, 20]
[20, 20, 20, 20, 20, 4, 20, 20, 20, 20, 1, 0, 3, 20, 20, 20, 20, 2, 20, 20]
[20, 20, 20, 20, 20, 20, 4, 20, 20, 20, 1, 0, 3, 20, 20, 20, 20, 2, 20, 20]
[20, 20, 20, 20, 20, 20, 20, 2, 20, 20, 20, 20, 0, 3, 20, 20, 4, 1, 20, 20]
[20, 20, 20, 20, 20, 20, 20, 4, 1, 20, 20, 2, 0, 20, 20, 20, 3, 20, 20, 20]
[20, 20, 20, 20, 20, 20, 20, 20, 1, 20, 20, 2, 0, 4, 20, 20, 3, 20, 20, 20]
[20, 20, 20, 20, 20, 20, 20, 4, 20, 20, 20, 3, 0, 1, 20, 20, 2, 20, 20, 20]
[20, 20, 20, 20, 20, 20, 20, 20, 4, 20, 20, 3, 0, 1, 20, 20, 2, 20, 20, 20]
[20, 20, 20, 3, 2, 20, 20, 20, 0, 20, 20, 20, 1, 4, 20, 20, 20, 20, 20, 20]
[20, 20, 20, 3, 2, 20, 20, 4, 0, 20, 20, 20, 1, 20, 20, 20, 20, 20, 20, 20]
[20, 20, 20, 20, 20, 20, 2, 20, 20, 20, 3, 0, 20, 20, 20, 20, 1, 4, 20, 20]
[20, 20, 20, 20, 20, 20, 2, 20, 20, 20, 3, 0, 4, 20, 20, 20, 1, 20, 20, 20]
[20, 20, 20, 20, 20, 20, 20, 2, 20, 20, 20, 4, 0, 3, 20, 20, 20, 1, 20, 20]
[20, 1, 20, 20, 20, 20, 0, 4, 20, 20, 2, 3, 20, 20, 20, 20, 20, 20, 20, 20]
[20, 20, 1, 20, 20, 20, 0, 4, 20, 20, 3, 2, 20, 20, 20, 20, 20, 20, 20, 20]
[20, 1, 4, 20, 20, 20, 0, 20, 20, 20, 2, 3, 20, 20, 20, 20, 20, 20, 20, 20]
[20, 4, 1, 20, 20, 20, 0, 20, 20, 20, 3, 2, 20, 20, 20, 20, 20, 20, 20, 20]
[20, 20, 20, 20, 20, 4, 20, 20, 20, 20, 1, 0, 20, 20, 20, 20, 3, 2, 20, 20]
[20, 20, 20, 20, 20, 20, 20, 2, 3, 20, 20, 20, 20, 0, 4, 20, 20, 20, 20, 1]
[20, 20, 20, 20, 20, 20, 4, 20, 20, 20, 1, 0, 20, 20, 20, 20, 3, 2, 20, 20]
[20, 20, 20, 20, 20, 20, 20, 2, 3, 20, 20, 20, 20, 0, 20, 20, 20, 20, 4, 1]
[20, 3, 2, 20, 20, 20, 0, 20, 20, 20, 1, 4, 20, 20, 20, 20, 20, 20, 20, 20]
[20, 3, 2, 20, 20, 4, 0, 20, 20, 20, 1, 20, 20, 20, 20, 20, 20, 20, 20, 20]
[20, 20, 20, 20, 2, 20, 20, 4, 0, 3, 20, 20, 1, 20, 20, 20, 20, 20, 20, 20]
[20, 1, 4, 20, 20, 20, 20, 0, 2, 20, 20, 20, 3, 20, 20, 20, 20, 20, 20, 20]
[20, 1, 20, 20, 20, 20, 4, 0, 2, 20, 20, 20, 3, 20, 20, 20, 20, 20, 20, 20]
[20, 1, 4, 20, 20, 20, 20, 0, 2, 20, 20, 20, 20, 3, 20, 20, 20, 20, 20, 20]
[20, 4, 20, 20, 20, 20, 1, 0, 3, 20, 20, 20, 20, 2, 20, 20, 20, 20, 20, 20]
[20, 20, 4, 20, 20, 20, 1, 0, 3, 20, 20, 20, 20, 2, 20, 20, 20, 20, 20, 20]
[20, 1, 20, 20, 20, 20, 4, 0, 2, 20, 20, 20, 20, 3, 20, 20, 20, 20, 20, 20]
[20, 20, 20, 20, 20, 2, 3, 20, 20, 20, 20, 0, 4, 20, 20, 20, 20, 1, 20, 20]
[20, 3, 2, 20, 20, 20, 20, 0, 20, 20, 20, 20, 1, 4, 20, 20, 20, 20, 20, 20]
[20, 3, 2, 20, 20, 20, 20, 0, 4, 20, 20, 20, 1, 20, 20, 20, 20, 20, 20, 20]
[20, 20, 20, 20, 20, 2, 3, 20, 20, 20, 20, 0, 20, 20, 20, 20, 4, 1, 20, 20]
[20, 20, 20, 20, 20, 20, 20, 4, 1, 20, 20, 2, 0, 20, 20, 20, 20, 3, 20, 20]
[20, 20, 20, 20, 2, 20, 20, 20, 0, 3, 20, 20, 1, 4, 20, 20, 20, 20, 20, 20]
[20, 20, 20, 2, 3, 20, 20, 4, 0, 20, 20, 20, 20, 1, 20, 20, 20, 20, 20, 20]
[20, 20, 20, 20, 20, 20, 20, 20, 1, 20, 20, 2, 0, 4, 20, 20, 20, 3, 20, 20]
[20, 20, 20, 2, 3, 20, 20, 20, 0, 20, 20, 20, 4, 1, 20, 20, 20, 20, 20, 20]
[20, 20, 20, 20, 20, 20, 20, 2, 20, 20, 20, 20, 3, 0, 20, 20, 20, 20, 4, 1]
[20, 20, 20, 20, 20, 20, 20, 2, 20, 20, 20, 20, 3, 0, 4, 20, 20, 20, 20, 1]
[20, 2, 3, 20, 20, 4, 0, 20, 20, 20, 20, 1, 20, 20, 20, 20, 20, 20, 20, 20]
[20, 20, 2, 20, 20, 4, 0, 3, 20, 20, 1, 20, 20, 20, 20, 20, 20, 20, 20, 20]
[20, 4, 20, 20, 20, 20, 1, 0, 20, 20, 20, 20, 3, 2, 20, 20, 20, 20, 20, 20]
[20, 20, 4, 20, 20, 20, 1, 0, 20, 20, 20, 20, 3, 2, 20, 20, 20, 20, 20, 20]
[20, 20, 20, 20, 20, 20, 20, 1, 20, 20, 20, 20, 4, 0, 3, 20, 20, 20, 20, 2]
[20, 20, 20, 20, 20, 20, 20, 1, 4, 20, 20, 20, 20, 0, 3, 20, 20, 20, 20, 2]
[20, 20, 20, 20, 1, 20, 20, 2, 0, 4, 20, 20, 3, 20, 20, 20, 20, 20, 20, 20]
[20, 20, 20, 20, 20, 20, 20, 4, 20, 20, 20, 20, 0, 1, 20, 20, 2, 3, 20, 20]
[20, 20, 20, 20, 20, 20, 20, 20, 4, 20, 20, 20, 0, 1, 20, 20, 2, 3, 20, 20]
[20, 20, 2, 20, 20, 20, 3, 0, 4, 20, 20, 20, 1, 20, 20, 20, 20, 20, 20, 20]
[20, 20, 20, 4, 1, 20, 20, 2, 0, 20, 20, 20, 3, 20, 20, 20, 20, 20, 20, 20]
[20, 20, 2, 20, 20, 20, 0, 3, 20, 20, 1, 4, 20, 20, 20, 20, 20, 20, 20, 20]
[20, 2, 3, 20, 20, 20, 0, 20, 20, 20, 4, 1, 20, 20, 20, 20, 20, 20, 20, 20]
[20, 20, 20, 20, 4, 20, 20, 3, 0, 1, 20, 20, 2, 20, 20, 20, 20, 20, 20, 20]
[20, 20, 20, 20, 20, 20, 20, 3, 2, 20, 20, 1, 0, 20, 20, 20, 20, 4, 20, 20]
[20, 20, 20, 20, 20, 20, 20, 3, 2, 20, 20, 1, 0, 20, 20, 20, 4, 20, 20, 20]
[20, 20, 20, 20, 20, 2, 20, 20, 20, 20, 3, 0, 20, 20, 20, 20, 4, 1, 20, 20]
[20, 20, 20, 20, 20, 2, 20, 20, 20, 20, 3, 0, 4, 20, 20, 20, 20, 1, 20, 20]
[20, 20, 2, 20, 20, 20, 3, 0, 20, 20, 20, 20, 1, 4, 20, 20, 20, 20, 20, 20]
[20, 2, 20, 20, 20, 20, 3, 0, 4, 20, 20, 20, 1, 20, 20, 20, 20, 20, 20, 20]
[20, 20, 3, 20, 20, 1, 0, 2, 20, 20, 4, 20, 20, 20, 20, 20, 20, 20, 20, 20]
[20, 1, 4, 20, 20, 2, 0, 20, 20, 20, 3, 20, 20, 20, 20, 20, 20, 20, 20, 20]
[20, 2, 20, 20, 20, 20, 0, 3, 20, 20, 1, 4, 20, 20, 20, 20, 20, 20, 20, 20]
[20, 1, 20, 20, 20, 2, 0, 4, 20, 20, 3, 20, 20, 20, 20, 20, 20, 20, 20, 20]
[20, 20, 2, 20, 20, 20, 0, 3, 20, 20, 4, 1, 20, 20, 20, 20, 20, 20, 20, 20]
[20, 20, 2, 20, 20, 4, 0, 3, 20, 20, 20, 1, 20, 20, 20, 20, 20, 20, 20, 20]
[20, 4, 20, 20, 20, 20, 1, 0, 20, 20, 20, 20, 2, 3, 20, 20, 20, 20, 20, 20]
[20, 20, 3, 20, 20, 1, 0, 2, 20, 20, 20, 4, 20, 20, 20, 20, 20, 20, 20, 20]
[20, 20, 4, 20, 20, 20, 1, 0, 20, 20, 20, 20, 2, 3, 20, 20, 20, 20, 20, 20]
[20, 20, 2, 20, 20, 20, 3, 0, 4, 20, 20, 20, 20, 1, 20, 20, 20, 20, 20, 20]
[20, 20, 20, 20, 20, 20, 20, 3, 2, 20, 20, 20, 20, 0, 1, 20, 20, 20, 20, 4]
[20, 20, 20, 20, 20, 20, 20, 3, 2, 20, 20, 20, 20, 0, 1, 20, 20, 20, 4, 20]
[20, 1, 4, 20, 20, 2, 0, 20, 20, 20, 20, 3, 20, 20, 20, 20, 20, 20, 20, 20]
[20, 4, 20, 20, 20, 3, 0, 1, 20, 20, 20, 2, 20, 20, 20, 20, 20, 20, 20, 20]
[20, 20, 4, 20, 20, 3, 0, 1, 20, 20, 20, 2, 20, 20, 20, 20, 20, 20, 20, 20]
[20, 1, 20, 20, 20, 2, 0, 4, 20, 20, 20, 3, 20, 20, 20, 20, 20, 20, 20, 20]
[20, 2, 20, 20, 20, 20, 3, 0, 20, 20, 20, 20, 1, 4, 20, 20, 20, 20, 20, 20]
[20, 20, 20, 20, 20, 4, 20, 20, 20, 20, 1, 0, 2, 20, 20, 20, 20, 3, 20, 20]
[20, 20, 20, 20, 20, 20, 4, 20, 20, 20, 1, 0, 2, 20, 20, 20, 20, 3, 20, 20]
[20, 20, 20, 20, 20, 20, 20, 20, 1, 20, 20, 20, 4, 0, 3, 20, 20, 20, 20, 2]
[20, 20, 2, 20, 20, 20, 3, 0, 20, 20, 20, 20, 4, 1, 20, 20, 20, 20, 20, 20]
[20, 20, 20, 20, 20, 20, 20, 4, 1, 20, 20, 20, 20, 0, 3, 20, 20, 20, 20, 2]
[20, 20, 20, 20, 4, 20, 20, 20, 0, 1, 20, 20, 3, 2, 20, 20, 20, 20, 20, 20]
[20, 20, 20, 20, 20, 20, 20, 2, 3, 20, 20, 1, 0, 20, 20, 20, 4, 20, 20, 20]
[20, 20, 20, 20, 20, 20, 20, 2, 3, 20, 20, 1, 0, 20, 20, 20, 20, 4, 20, 20]
[20, 20, 20, 20, 20, 20, 20, 1, 20, 20, 20, 20, 4, 0, 3, 20, 20, 20, 2, 20]
[20, 20, 20, 20, 20, 20, 20, 1, 4, 20, 20, 20, 20, 0, 3, 20, 20, 20, 2, 20]
[20, 20, 20, 20, 20, 20, 20, 20, 4, 20, 20, 2, 0, 1, 20, 20, 20, 3, 20, 20]
[20, 20, 20, 20, 20, 3, 2, 20, 20, 20, 20, 0, 1, 20, 20, 20, 20, 4, 20, 20]
[20, 20, 20, 20, 20, 20, 20, 20, 3, 20, 20, 20, 2, 0, 20, 20, 20, 20, 1, 4]
[20, 20, 20, 20, 20, 20, 20, 20, 3, 20, 20, 20, 2, 0, 4, 20, 20, 20, 1, 20]
[20, 20, 20, 20, 20, 3, 2, 20, 20, 20, 20, 0, 1, 20, 20, 20, 4, 20, 20, 20]
[20, 20, 20, 20, 20, 20, 20, 20, 2, 20, 20, 20, 3, 0, 1, 20, 20, 20, 4, 20]
[20, 20, 20, 20, 20, 20, 20, 20, 2, 20, 20, 20, 3, 0, 1, 20, 20, 20, 20, 4]
[20, 20, 20, 20, 20, 20, 20, 4, 20, 20, 20, 2, 0, 1, 20, 20, 3, 20, 20, 20]
[20, 20, 20, 20, 20, 20, 20, 20, 4, 20, 20, 2, 0, 1, 20, 20, 3, 20, 20, 20]
[20, 20, 20, 20, 20, 20, 20, 3, 20, 20, 20, 20, 2, 0, 20, 20, 20, 20, 1, 4]
[20, 20, 20, 20, 20, 20, 20, 20, 3, 20, 20, 20, 0, 2, 20, 20, 4, 1, 20, 20]
[20, 20, 20, 20, 20, 20, 20, 20, 3, 20, 20, 4, 0, 2, 20, 20, 20, 1, 20, 20]
[20, 20, 20, 20, 20, 20, 20, 4, 1, 20, 20, 3, 0, 20, 20, 20, 20, 2, 20, 20]
[20, 20, 20, 20, 20, 20, 20, 20, 1, 20, 20, 3, 0, 4, 20, 20, 20, 2, 20, 20]
[20, 20, 20, 20, 20, 20, 20, 3, 20, 20, 20, 20, 2, 0, 4, 20, 20, 20, 1, 20]
[20, 20, 20, 20, 20, 20, 20, 4, 20, 20, 20, 2, 0, 1, 20, 20, 20, 3, 20, 20]
[20, 20, 20, 20, 20, 1, 20, 20, 20, 20, 4, 0, 3, 20, 20, 20, 2, 20, 20, 20]
[20, 20, 20, 20, 20, 20, 20, 1, 4, 20, 20, 20, 20, 0, 20, 20, 20, 20, 2, 3]
[20, 20, 20, 20, 20, 20, 20, 4, 1, 20, 20, 20, 20, 0, 20, 20, 20, 20, 3, 2]
[20, 20, 4, 20, 20, 20, 1, 0, 2, 20, 20, 20, 3, 20, 20, 20, 20, 20, 20, 20]
[20, 4, 20, 20, 20, 20, 1, 0, 2, 20, 20, 20, 3, 20, 20, 20, 20, 20, 20, 20]
[20, 20, 20, 20, 20, 20, 20, 2, 20, 20, 20, 1, 0, 3, 20, 20, 20, 4, 20, 20]
[20, 20, 20, 20, 20, 20, 20, 2, 20, 20, 20, 1, 0, 3, 20, 20, 4, 20, 20, 20]
[20, 3, 20, 20, 20, 20, 2, 0, 1, 20, 20, 20, 20, 4, 20, 20, 20, 20, 20, 20]
[20, 4, 20, 20, 20, 20, 0, 1, 20, 20, 3, 2, 20, 20, 20, 20, 20, 20, 20, 20]
[20, 20, 4, 20, 20, 20, 0, 1, 20, 20, 3, 2, 20, 20, 20, 20, 20, 20, 20, 20]
[20, 20, 20, 20, 20, 20, 20, 3, 20, 20, 20, 4, 0, 2, 20, 20, 20, 1, 20, 20]
[20, 20, 20, 20, 20, 20, 20, 1, 4, 20, 20, 3, 0, 20, 20, 20, 2, 20, 20, 20]
[20, 3, 20, 20, 20, 20, 2, 0, 1, 20, 20, 20, 4, 20, 20, 20, 20, 20, 20, 20]
[20, 20, 20, 20, 20, 20, 20, 3, 20, 20, 20, 20, 0, 2, 20, 20, 4, 1, 20, 20]
[20, 20, 20, 20, 20, 20, 20, 1, 20, 20, 20, 3, 0, 4, 20, 20, 2, 20, 20, 20]
[20, 20, 20, 20, 20, 1, 4, 20, 20, 20, 20, 0, 3, 20, 20, 20, 2, 20, 20, 20]
[20, 20, 20, 20, 20, 20, 20, 20, 1, 20, 20, 20, 4, 0, 20, 20, 20, 20, 3, 2]
[20, 20, 20, 20, 20, 20, 20, 1, 20, 20, 20, 20, 4, 0, 20, 20, 20, 20, 2, 3]
[20, 20, 20, 20, 20, 20, 1, 20, 20, 20, 4, 0, 3, 20, 20, 20, 20, 2, 20, 20]
[20, 4, 20, 20, 20, 20, 1, 0, 2, 20, 20, 20, 20, 3, 20, 20, 20, 20, 20, 20]
[20, 20, 4, 20, 20, 20, 1, 0, 2, 20, 20, 20, 20, 3, 20, 20, 20, 20, 20, 20]
[20, 20, 3, 20, 20, 20, 2, 0, 1, 20, 20, 20, 20, 4, 20, 20, 20, 20, 20, 20]
[20, 20, 3, 20, 20, 20, 2, 0, 1, 20, 20, 20, 4, 20, 20, 20, 20, 20, 20, 20]
[20, 20, 20, 20, 20, 4, 1, 20, 20, 20, 20, 0, 3, 20, 20, 20, 20, 2, 20, 20]
[20, 20, 20, 20, 20, 3, 20, 20, 20, 20, 2, 0, 20, 20, 20, 20, 1, 4, 20, 20]
[20, 20, 20, 20, 20, 20, 20, 1, 4, 20, 20, 20, 0, 20, 20, 20, 2, 3, 20, 20]
[20, 20, 20, 20, 20, 20, 20, 4, 1, 20, 20, 20, 0, 20, 20, 20, 3, 2, 20, 20]
[20, 20, 20, 20, 20, 20, 20, 20, 1, 20, 20, 20, 0, 4, 20, 20, 3, 2, 20, 20]
[20, 20, 20, 20, 20, 20, 20, 1, 20, 20, 20, 20, 0, 4, 20, 20, 2, 3, 20, 20]
[20, 20, 20, 20, 20, 3, 20, 20, 20, 20, 2, 0, 4, 20, 20, 20, 1, 20, 20, 20]
[20, 20, 20, 2, 3, 20, 20, 1, 0, 20, 20, 20, 4, 20, 20, 20, 20, 20, 20, 20]
[20, 20, 20, 2, 3, 20, 20, 1, 0, 20, 20, 20, 20, 4, 20, 20, 20, 20, 20, 20]
[20, 20, 20, 20, 20, 20, 3, 20, 20, 20, 2, 0, 20, 20, 20, 20, 1, 4, 20, 20]
[20, 20, 20, 20, 20, 20, 3, 20, 20, 20, 2, 0, 4, 20, 20, 20, 1, 20, 20, 20]
[20, 20, 20, 20, 20, 20, 2, 20, 20, 20, 3, 0, 1, 20, 20, 20, 20, 4, 20, 20]
[20, 20, 20, 20, 20, 20, 2, 20, 20, 20, 3, 0, 1, 20, 20, 20, 4, 20, 20, 20]
[20, 20, 20, 20, 20, 1, 4, 20, 20, 20, 20, 0, 20, 20, 20, 20, 2, 3, 20, 20]
[20, 20, 20, 20, 20, 4, 1, 20, 20, 20, 20, 0, 20, 20, 20, 20, 3, 2, 20, 20]
[20, 20, 20, 20, 20, 1, 20, 20, 20, 20, 4, 0, 20, 20, 20, 20, 2, 3, 20, 20]
[20, 20, 20, 20, 20, 20, 1, 20, 20, 20, 4, 0, 20, 20, 20, 20, 3, 2, 20, 20]
[20, 2, 3, 20, 20, 1, 0, 20, 20, 20, 20, 4, 20, 20, 20, 20, 20, 20, 20, 20]
[20, 2, 3, 20, 20, 1, 0, 20, 20, 20, 4, 20, 20, 20, 20, 20, 20, 20, 20, 20]
[20, 20, 20, 1, 4, 20, 20, 3, 0, 20, 20, 20, 2, 20, 20, 20, 20, 20, 20, 20]
[20, 1, 4, 20, 20, 20, 20, 0, 3, 20, 20, 20, 2, 20, 20, 20, 20, 20, 20, 20]
[20, 20, 20, 20, 4, 20, 20, 2, 0, 1, 20, 20, 3, 20, 20, 20, 20, 20, 20, 20]
[20, 1, 20, 20, 20, 20, 4, 0, 3, 20, 20, 20, 2, 20, 20, 20, 20, 20, 20, 20]
[20, 4, 1, 20, 20, 20, 20, 0, 3, 20, 20, 20, 20, 2, 20, 20, 20, 20, 20, 20]
[20, 20, 1, 20, 20, 20, 4, 0, 3, 20, 20, 20, 20, 2, 20, 20, 20, 20, 20, 20]
[20, 20, 20, 20, 20, 20, 20, 3, 2, 20, 20, 20, 20, 0, 20, 20, 20, 20, 1, 4]
[20, 20, 20, 20, 20, 20, 20, 3, 2, 20, 20, 20, 20, 0, 4, 20, 20, 20, 1, 20]
[20, 20, 20, 20, 20, 20, 20, 1, 20, 20, 20, 20, 4, 0, 2, 20, 20, 20, 20, 3]
[20, 20, 20, 20, 20, 20, 20, 1, 4, 20, 20, 20, 20, 0, 2, 20, 20, 20, 20, 3]
[20, 3, 2, 20, 20, 20, 20, 0, 1, 20, 20, 20, 4, 20, 20, 20, 20, 20, 20, 20]
[20, 3, 2, 20, 20, 20, 20, 0, 1, 20, 20, 20, 20, 4, 20, 20, 20, 20, 20, 20]
[20, 20, 20, 20, 20, 20, 20, 20, 4, 20, 20, 20, 1, 0, 3, 20, 20, 20, 20, 2]
[20, 20, 20, 20, 20, 20, 20, 4, 20, 20, 20, 20, 1, 0, 3, 20, 20, 20, 20, 2]
[20, 20, 20, 20, 3, 20, 20, 20, 0, 2, 20, 20, 4, 1, 20, 20, 20, 20, 20, 20]
[20, 20, 20, 20, 20, 20, 20, 3, 2, 20, 20, 4, 0, 20, 20, 20, 1, 20, 20, 20]
[20, 20, 20, 20, 20, 20, 20, 1, 20, 20, 20, 20, 4, 0, 2, 20, 20, 20, 3, 20]
[20, 20, 20, 20, 20, 20, 20, 1, 4, 20, 20, 20, 20, 0, 2, 20, 20, 20, 3, 20]
[20, 20, 20, 20, 20, 20, 20, 3, 2, 20, 20, 20, 0, 20, 20, 20, 1, 4, 20, 20]
[20, 20, 20, 4, 1, 20, 20, 3, 0, 20, 20, 20, 20, 2, 20, 20, 20, 20, 20, 20]
[20, 20, 20, 20, 3, 20, 20, 4, 0, 2, 20, 20, 20, 1, 20, 20, 20, 20, 20, 20]
[20, 20, 20, 20, 1, 20, 20, 3, 0, 4, 20, 20, 20, 2, 20, 20, 20, 20, 20, 20]
[20, 20, 20, 20, 4, 20, 20, 2, 0, 1, 20, 20, 20, 3, 20, 20, 20, 20, 20, 20]
[20, 20, 20, 20, 20, 20, 20, 3, 20, 20, 20, 1, 0, 2, 20, 20, 20, 4, 20, 20]
[20, 20, 20, 20, 20, 20, 20, 3, 20, 20, 20, 1, 0, 2, 20, 20, 4, 20, 20, 20]
[20, 20, 20, 4, 1, 20, 20, 3, 0, 20, 20, 20, 2, 20, 20, 20, 20, 20, 20, 20]
[20, 20, 20, 1, 4, 20, 20, 20, 0, 20, 20, 20, 3, 2, 20, 20, 20, 20, 20, 20]
[20, 2, 3, 20, 20, 20, 20, 0, 1, 20, 20, 20, 20, 4, 20, 20, 20, 20, 20, 20]
[20, 2, 3, 20, 20, 20, 20, 0, 1, 20, 20, 20, 4, 20, 20, 20, 20, 20, 20, 20]
[20, 20, 20, 20, 1, 20, 20, 3, 0, 4, 20, 20, 2, 20, 20, 20, 20, 20, 20, 20]
[20, 20, 20, 20, 20, 4, 1, 20, 20, 20, 20, 0, 2, 20, 20, 20, 3, 20, 20, 20]
[20, 20, 20, 20, 20, 20, 1, 20, 20, 20, 4, 0, 2, 20, 20, 20, 3, 20, 20, 20]
[20, 20, 20, 20, 20, 4, 20, 20, 20, 20, 1, 0, 3, 20, 20, 20, 2, 20, 20, 20]
[20, 20, 20, 20, 20, 20, 4, 20, 20, 20, 1, 0, 3, 20, 20, 20, 2, 20, 20, 20]
[20, 20, 20, 20, 20, 20, 20, 2, 3, 20, 20, 20, 20, 0, 4, 20, 20, 20, 1, 20]
[20, 20, 20, 20, 20, 20, 20, 2, 3, 20, 20, 20, 20, 0, 20, 20, 20, 20, 1, 4]
[20, 20, 20, 20, 20, 20, 20, 3, 2, 20, 20, 20, 20, 0, 20, 20, 20, 20, 4, 1]
[20, 20, 20, 20, 20, 20, 20, 3, 2, 20, 20, 20, 20, 0, 4, 20, 20, 20, 20, 1]
[20, 20, 20, 20, 20, 20, 20, 20, 1, 20, 20, 20, 4, 0, 2, 20, 20, 20, 20, 3]
[20, 20, 20, 20, 20, 20, 20, 4, 1, 20, 20, 20, 20, 0, 2, 20, 20, 20, 20, 3]
[20, 4, 1, 20, 20, 3, 0, 20, 20, 20, 2, 20, 20, 20, 20, 20, 20, 20, 20, 20]
[20, 20, 1, 20, 20, 3, 0, 4, 20, 20, 2, 20, 20, 20, 20, 20, 20, 20, 20, 20]
[20, 1, 20, 20, 20, 20, 0, 4, 20, 20, 3, 2, 20, 20, 20, 20, 20, 20, 20, 20]
[20, 1, 4, 20, 20, 20, 0, 20, 20, 20, 3, 2, 20, 20, 20, 20, 20, 20, 20, 20]
[20, 20, 1, 20, 20, 20, 4, 0, 20, 20, 20, 20, 2, 3, 20, 20, 20, 20, 20, 20]
[20, 4, 1, 20, 20, 20, 20, 0, 20, 20, 20, 20, 2, 3, 20, 20, 20, 20, 20, 20]
[20, 20, 20, 20, 20, 20, 20, 20, 2, 20, 20, 20, 3, 0, 20, 20, 20, 20, 4, 1]
[20, 3, 20, 20, 20, 20, 2, 0, 20, 20, 20, 20, 4, 1, 20, 20, 20, 20, 20, 20]
[20, 20, 20, 20, 20, 20, 20, 20, 2, 20, 20, 20, 3, 0, 4, 20, 20, 20, 20, 1]
[20, 3, 20, 20, 20, 20, 2, 0, 4, 20, 20, 20, 20, 1, 20, 20, 20, 20, 20, 20]
[20, 2, 20, 20, 20, 20, 3, 0, 1, 20, 20, 20, 20, 4, 20, 20, 20, 20, 20, 20]
[20, 2, 20, 20, 20, 20, 3, 0, 1, 20, 20, 20, 4, 20, 20, 20, 20, 20, 20, 20]
[20, 20, 20, 20, 20, 20, 20, 20, 2, 20, 20, 20, 0, 3, 20, 20, 4, 1, 20, 20]
[20, 20, 20, 20, 20, 20, 20, 20, 2, 20, 20, 4, 0, 3, 20, 20, 20, 1, 20, 20]
[20, 20, 20, 20, 20, 20, 20, 1, 4, 20, 20, 2, 0, 20, 20, 20, 20, 3, 20, 20]
[20, 20, 20, 20, 20, 20, 20, 20, 4, 20, 20, 3, 0, 1, 20, 20, 20, 2, 20, 20]
[20, 20, 20, 3, 2, 20, 20, 4, 0, 20, 20, 20, 20, 1, 20, 20, 20, 20, 20, 20]
[20, 20, 20, 2, 3, 20, 20, 4, 0, 20, 20, 20, 1, 20, 20, 20, 20, 20, 20, 20]
[20, 20, 20, 20, 20, 20, 20, 1, 20, 20, 20, 2, 0, 4, 20, 20, 20, 3, 20, 20]
[20, 20, 20, 2, 3, 20, 20, 20, 0, 20, 20, 20, 1, 4, 20, 20, 20, 20, 20, 20]
[20, 20, 20, 3, 2, 20, 20, 20, 0, 20, 20, 20, 4, 1, 20, 20, 20, 20, 20, 20]
[20, 20, 20, 20, 20, 20, 20, 4, 20, 20, 20, 3, 0, 1, 20, 20, 20, 2, 20, 20]
[20, 20, 3, 20, 20, 20, 2, 0, 20, 20, 20, 20, 4, 1, 20, 20, 20, 20, 20, 20]
[20, 20, 20, 20, 20, 4, 1, 20, 20, 20, 20, 0, 2, 20, 20, 20, 20, 3, 20, 20]
[20, 20, 20, 20, 20, 20, 20, 2, 20, 20, 20, 20, 3, 0, 4, 20, 20, 20, 1, 20]
[20, 20, 3, 20, 20, 20, 2, 0, 4, 20, 20, 20, 20, 1, 20, 20, 20, 20, 20, 20]
[20, 20, 20, 20, 20, 20, 1, 20, 20, 20, 4, 0, 2, 20, 20, 20, 20, 3, 20, 20]
[20, 20, 20, 20, 20, 20, 20, 2, 20, 20, 20, 20, 3, 0, 20, 20, 20, 20, 1, 4]
[20, 20, 20, 4, 1, 20, 20, 20, 0, 20, 20, 20, 2, 3, 20, 20, 20, 20, 20, 20]
[20, 20, 20, 20, 20, 20, 20, 2, 20, 20, 20, 20, 0, 3, 20, 20, 1, 4, 20, 20]
[20, 20, 20, 20, 20, 20, 20, 2, 20, 20, 20, 4, 0, 3, 20, 20, 1, 20, 20, 20]
[20, 20, 20, 20, 20, 20, 20, 1, 4, 20, 20, 2, 0, 20, 20, 20, 3, 20, 20, 20]
[20, 20, 20, 20, 1, 20, 20, 20, 0, 4, 20, 20, 2, 3, 20, 20, 20, 20, 20, 20]
[20, 20, 20, 20, 20, 20, 20, 1, 20, 20, 20, 2, 0, 4, 20, 20, 3, 20, 20, 20]
[20, 20, 20, 20, 20, 3, 2, 20, 20, 20, 20, 0, 4, 20, 20, 20, 20, 1, 20, 20]
[20, 20, 20, 20, 20, 2, 3, 20, 20, 20, 20, 0, 4, 20, 20, 20, 1, 20, 20, 20]
[20, 20, 20, 20, 20, 20, 20, 20, 3, 20, 20, 1, 0, 2, 20, 20, 20, 4, 20, 20]
[20, 20, 20, 20, 20, 20, 20, 20, 3, 20, 20, 1, 0, 2, 20, 20, 4, 20, 20, 20]
[20, 20, 20, 20, 20, 20, 20, 20, 4, 20, 20, 20, 1, 0, 20, 20, 20, 20, 2, 3]
[20, 20, 20, 20, 20, 20, 20, 4, 20, 20, 20, 20, 1, 0, 20, 20, 20, 20, 2, 3]
[20, 20, 20, 20, 20, 2, 3, 20, 20, 20, 20, 0, 20, 20, 20, 20, 1, 4, 20, 20]
[20, 20, 20, 20, 20, 3, 2, 20, 20, 20, 20, 0, 20, 20, 20, 20, 4, 1, 20, 20]
[20, 20, 20, 20, 20, 20, 20, 20, 3, 20, 20, 20, 2, 0, 1, 20, 20, 20, 4, 20]
[20, 20, 20, 20, 20, 20, 20, 20, 3, 20, 20, 20, 2, 0, 1, 20, 20, 20, 20, 4]
[20, 20, 20, 20, 20, 20, 2, 20, 20, 20, 3, 0, 20, 20, 20, 20, 4, 1, 20, 20]
[20, 20, 20, 20, 20, 20, 20, 4, 20, 20, 20, 20, 1, 0, 2, 20, 20, 20, 3, 20]
[20, 20, 20, 20, 20, 20, 20, 20, 4, 20, 20, 20, 1, 0, 2, 20, 20, 20, 3, 20]
[20, 20, 20, 20, 20, 20, 2, 20, 20, 20, 3, 0, 4, 20, 20, 20, 20, 1, 20, 20]
[20, 20, 20, 20, 20, 20, 20, 4, 20, 20, 20, 20, 0, 1, 20, 20, 3, 2, 20, 20]
[20, 20, 20, 20, 20, 20, 20, 20, 4, 20, 20, 20, 0, 1, 20, 20, 3, 2, 20, 20]
[20, 20, 20, 20, 20, 20, 20, 3, 20, 20, 20, 20, 2, 0, 1, 20, 20, 20, 20, 4]
[20, 20, 20, 20, 20, 20, 20, 3, 20, 20, 20, 20, 2, 0, 1, 20, 20, 20, 4, 20]
[20, 20, 1, 20, 20, 20, 0, 4, 20, 20, 2, 3, 20, 20, 20, 20, 20, 20, 20, 20]
[20, 4, 1, 20, 20, 20, 0, 20, 20, 20, 2, 3, 20, 20, 20, 20, 20, 20, 20, 20]
[20, 20, 20, 20, 20, 4, 20, 20, 20, 20, 1, 0, 20, 20, 20, 20, 2, 3, 20, 20]
[20, 20, 20, 20, 20, 20, 4, 20, 20, 20, 1, 0, 20, 20, 20, 20, 2, 3, 20, 20]
[20, 2, 3, 20, 20, 4, 0, 20, 20, 20, 1, 20, 20, 20, 20, 20, 20, 20, 20, 20]
[20, 2, 3, 20, 20, 20, 0, 20, 20, 20, 1, 4, 20, 20, 20, 20, 20, 20, 20, 20]
[20, 3, 2, 20, 20, 20, 0, 20, 20, 20, 4, 1, 20, 20, 20, 20, 20, 20, 20, 20]
[20, 3, 2, 20, 20, 4, 0, 20, 20, 20, 20, 1, 20, 20, 20, 20, 20, 20, 20, 20]
[20, 20, 20, 20, 20, 2, 20, 20, 20, 20, 3, 0, 20, 20, 20, 20, 1, 4, 20, 20]
[20, 20, 20, 20, 20, 2, 20, 20, 20, 20, 3, 0, 4, 20, 20, 20, 1, 20, 20, 20]
[20, 4, 1, 20, 20, 20, 20, 0, 2, 20, 20, 20, 3, 20, 20, 20, 20, 20, 20, 20]
[20, 20, 4, 20, 20, 20, 1, 0, 3, 20, 20, 20, 2, 20, 20, 20, 20, 20, 20, 20]
[20, 20, 1, 20, 20, 20, 4, 0, 2, 20, 20, 20, 3, 20, 20, 20, 20, 20, 20, 20]
[20, 4, 20, 20, 20, 20, 1, 0, 3, 20, 20, 20, 2, 20, 20, 20, 20, 20, 20, 20]
[20, 20, 20, 20, 4, 20, 20, 3, 0, 1, 20, 20, 20, 2, 20, 20, 20, 20, 20, 20]
[20, 20, 20, 20, 20, 3, 20, 20, 20, 20, 2, 0, 1, 20, 20, 20, 20, 4, 20, 20]
[20, 20, 20, 1, 4, 20, 20, 2, 0, 20, 20, 20, 20, 3, 20, 20, 20, 20, 20, 20]
[20, 20, 20, 20, 20, 3, 20, 20, 20, 20, 2, 0, 1, 20, 20, 20, 4, 20, 20, 20]
[20, 20, 20, 20, 2, 20, 20, 20, 0, 3, 20, 20, 4, 1, 20, 20, 20, 20, 20, 20]
[20, 4, 1, 20, 20, 20, 20, 0, 2, 20, 20, 20, 20, 3, 20, 20, 20, 20, 20, 20]
[20, 20, 1, 20, 20, 20, 4, 0, 2, 20, 20, 20, 20, 3, 20, 20, 20, 20, 20, 20]
[20, 20, 20, 1, 4, 20, 20, 2, 0, 20, 20, 20, 3, 20, 20, 20, 20, 20, 20, 20]
[20, 20, 20, 20, 20, 20, 3, 20, 20, 20, 2, 0, 1, 20, 20, 20, 20, 4, 20, 20]
[20, 20, 20, 20, 20, 20, 3, 20, 20, 20, 2, 0, 1, 20, 20, 20, 4, 20, 20, 20]
[20, 20, 20, 20, 20, 4, 20, 20, 20, 20, 1, 0, 2, 20, 20, 20, 3, 20, 20, 20]
[20, 20, 20, 20, 20, 20, 4, 20, 20, 20, 1, 0, 2, 20, 20, 20, 3, 20, 20, 20]
[20, 20, 20, 20, 2, 20, 20, 4, 0, 3, 20, 20, 20, 1, 20, 20, 20, 20, 20, 20]
[20, 20, 20, 20, 3, 20, 20, 1, 0, 2, 20, 20, 4, 20, 20, 20, 20, 20, 20, 20]
[20, 2, 3, 20, 20, 20, 20, 0, 20, 20, 20, 20, 1, 4, 20, 20, 20, 20, 20, 20]
[20, 20, 20, 20, 3, 20, 20, 1, 0, 2, 20, 20, 20, 4, 20, 20, 20, 20, 20, 20]
[20, 3, 2, 20, 20, 20, 20, 0, 20, 20, 20, 20, 4, 1, 20, 20, 20, 20, 20, 20]
[20, 2, 3, 20, 20, 20, 20, 0, 4, 20, 20, 20, 1, 20, 20, 20, 20, 20, 20, 20]
[20, 3, 2, 20, 20, 20, 20, 0, 4, 20, 20, 20, 20, 1, 20, 20, 20, 20, 20, 20]
[20, 20, 20, 20, 20, 20, 20, 20, 4, 20, 20, 20, 1, 0, 2, 20, 20, 20, 20, 3]
[20, 20, 20, 20, 20, 20, 20, 4, 20, 20, 20, 20, 1, 0, 2, 20, 20, 20, 20, 3]
[20, 2, 20, 20, 20, 4, 0, 3, 20, 20, 1, 20, 20, 20, 20, 20, 20, 20, 20, 20]
[20, 3, 20, 20, 20, 1, 0, 2, 20, 20, 20, 4, 20, 20, 20, 20, 20, 20, 20, 20]
[20, 3, 20, 20, 20, 1, 0, 2, 20, 20, 4, 20, 20, 20, 20, 20, 20, 20, 20, 20]
