[20, 20, 20, 0, 20, 20, 20, 4, 5, 20, 20, 20, 1, 2, 3, 20, 20, 20, 20, 20]
[20, 20, 20, 20, 20, 20, 20, 20, 20, 20, 3, 4, 1, 20, 20, 0, 5, 2, 20, 20]
[20, 20, 20, 20, 20, 0, 20, 3, 20, 20, 20, 5, 2, 20, 20, 20, 4, 1, 20, 20]
[20, 0, 20, 3, 20, 4, 1, 20, 20, 20, 2, 5, 20, 20, 20, 20, 20, 20, 20, 20]
[3, 20, 20, 20, 20, 2, 4, 20, 20, 20, 1, 5, 0, 20, 20, 20, 20, 20, 20, 20]
[3, 0, 20, 20, 20, 2, 5, 20, 20, 20, 4, 1, 20, 20, 20, 20, 20, 20, 20, 20]
[20, 4, 2, 3, 20, 20, 5, 1, 0, 20, 20, 20, 20, 20, 20, 20, 20, 20, 20, 20]
[20, 20, 20, 20, 20, 20, 20, 3, 20, 20, 20, 4, 2, 20, 20, 0, 1, 5, 20, 20]
[20, 0, 20, 20, 20, 20, 20, 5, 4, 20, 20, 20, 1, 2, 3, 20, 20, 20, 20, 20]
[20, 0, 20, 20, 20, 4, 5, 20, 20, 20, 1, 2, 3, 20, 20, 20, 20, 20, 20, 20]
[20, 20, 20, 0, 20, 20, 20, 4, 1, 20, 20, 3, 2, 5, 20, 20, 20, 20, 20, 20]
[20, 3, 20, 20, 20, 20, 20, 2, 4, 20, 20, 20, 1, 5, 0, 20, 20, 20, 20, 20]
[20, 3, 20, 0, 20, 20, 20, 2, 5, 20, 20, 20, 4, 1, 20, 20, 20, 20, 20, 20]
[20, 20, 20, 20, 3, 20, 20, 20, 20, 0, 20, 20, 20, 4, 2, 20, 20, 20, 1, 5]
[20, 20, 20, 20, 3, 20, 20, 20, 20, 0, 20, 20, 20, 5, 1, 20, 20, 20, 2, 4]
[0, 20, 20, 20, 20, 5, 4, 20, 20, 20, 1, 2, 3, 20, 20, 20, 20, 20, 20, 20]
[20, 3, 20, 20, 20, 20, 20, 0, 20, 20, 20, 20, 20, 5, 4, 20, 20, 20, 1, 2]
[20, 3, 20, 20, 20, 4, 2, 20, 20, 20, 1, 5, 0, 20, 20, 20, 20, 20, 20, 20]
[20, 20, 20, 20, 20, 3, 20, 20, 20, 20, 20, 2, 4, 20, 20, 0, 1, 5, 20, 20]
[20, 0, 20, 3, 20, 20, 20, 5, 2, 20, 20, 20, 4, 1, 20, 20, 20, 20, 20, 20]
[20, 20, 20, 20, 20, 20, 20, 0, 20, 20, 20, 5, 1, 20, 20, 3, 2, 4, 20, 20]
[3, 2, 4, 20, 20, 20, 5, 1, 0, 20, 20, 20, 20, 20, 20, 20, 20, 20, 20, 20]
[20, 3, 20, 20, 20, 20, 20, 0, 20, 20, 20, 20, 20, 1, 4, 20, 20, 20, 2, 5]
[20, 4, 1, 20, 20, 3, 2, 5, 0, 20, 20, 20, 20, 20, 20, 20, 20, 20, 20, 20]
[20, 20, 20, 20, 3, 20, 20, 20, 20, 0, 20, 20, 20, 4, 5, 20, 20, 20, 1, 2]
[20, 20, 20, 20, 20, 20, 20, 20, 20, 20, 3, 5, 4, 20, 20, 0, 1, 2, 20, 20]
[20, 20, 20, 20, 3, 20, 20, 20, 20, 0, 20, 20, 20, 4, 1, 20, 20, 20, 5, 2]
[20, 20, 20, 3, 20, 20, 20, 4, 2, 20, 20, 20, 1, 5, 0, 20, 20, 20, 20, 20]
[20, 20, 20, 20, 20, 3, 20, 0, 20, 20, 20, 2, 5, 20, 20, 20, 4, 1, 20, 20]
[0, 3, 20, 20, 20, 5, 2, 20, 20, 20, 4, 1, 20, 20, 20, 20, 20, 20, 20, 20]
[20, 20, 20, 20, 20, 20, 20, 3, 20, 0, 20, 20, 20, 2, 4, 20, 20, 20, 1, 5]
[20, 20, 20, 20, 20, 0, 20, 20, 20, 20, 20, 1, 4, 20, 20, 3, 2, 5, 20, 20]
[20, 20, 20, 20, 20, 20, 20, 20, 20, 20, 3, 4, 5, 20, 20, 0, 1, 2, 20, 20]
[20, 4, 2, 3, 20, 20, 1, 5, 0, 20, 20, 20, 20, 20, 20, 20, 20, 20, 20, 20]
[20, 20, 20, 20, 3, 20, 20, 20, 20, 0, 20, 20, 20, 4, 1, 20, 20, 20, 2, 5]
[3, 20, 20, 20, 20, 2, 4, 20, 20, 20, 5, 1, 0, 20, 20, 20, 20, 20, 20, 20]
[20, 20, 20, 0, 20, 20, 20, 5, 1, 20, 20, 3, 2, 4, 20, 20, 20, 20, 20, 20]
[0, 20, 20, 3, 20, 1, 4, 20, 20, 20, 2, 5, 20, 20, 20, 20, 20, 20, 20, 20]
[20, 20, 20, 20, 20, 20, 20, 3, 20, 20, 20, 4, 2, 20, 20, 0, 5, 1, 20, 20]
[20, 3, 20, 20, 20, 20, 20, 2, 4, 20, 20, 20, 5, 1, 0, 20, 20, 20, 20, 20]
[20, 4, 1, 20, 20, 0, 5, 2, 3, 20, 20, 20, 20, 20, 20, 20, 20, 20, 20, 20]
[20, 0, 20, 3, 20, 5, 1, 20, 20, 20, 2, 4, 20, 20, 20, 20, 20, 20, 20, 20]
[20, 5, 2, 3, 20, 20, 4, 1, 0, 20, 20, 20, 20, 20, 20, 20, 20, 20, 20, 20]
[20, 0, 20, 20, 20, 20, 20, 1, 4, 20, 20, 3, 2, 5, 20, 20, 20, 20, 20, 20]
[3, 2, 4, 20, 20, 20, 1, 5, 0, 20, 20, 20, 20, 20, 20, 20, 20, 20, 20, 20]
[20, 20, 20, 20, 3, 20, 20, 20, 20, 0, 20, 20, 20, 4, 5, 20, 20, 20, 2, 1]
[20, 20, 20, 0, 20, 20, 20, 4, 1, 20, 20, 20, 5, 2, 3, 20, 20, 20, 20, 20]
[20, 3, 20, 20, 20, 4, 2, 20, 20, 20, 5, 1, 0, 20, 20, 20, 20, 20, 20, 20]
[3, 2, 5, 20, 20, 20, 4, 1, 0, 20, 20, 20, 20, 20, 20, 20, 20, 20, 20, 20]
[20, 20, 20, 20, 20, 3, 20, 20, 20, 20, 20, 2, 4, 20, 20, 0, 5, 1, 20, 20]
[20, 5, 1, 0, 20, 3, 2, 4, 20, 20, 20, 20, 20, 20, 20, 20, 20, 20, 20, 20]
[20, 20, 20, 20, 20, 20, 20, 0, 20, 20, 20, 4, 1, 20, 20, 3, 2, 5, 20, 20]
[20, 1, 4, 20, 20, 3, 2, 5, 0, 20, 20, 20, 20, 20, 20, 20, 20, 20, 20, 20]
[20, 3, 20, 20, 20, 20, 20, 0, 20, 20, 20, 20, 20, 5, 4, 20, 20, 20, 2, 1]
[20, 4, 5, 20, 20, 0, 1, 2, 3, 20, 20, 20, 20, 20, 20, 20, 20, 20, 20, 20]
[20, 0, 20, 20, 20, 4, 1, 20, 20, 20, 5, 2, 3, 20, 20, 20, 20, 20, 20, 20]
[20, 5, 4, 20, 20, 0, 1, 2, 3, 20, 20, 20, 20, 20, 20, 20, 20, 20, 20, 20]
[20, 20, 20, 3, 20, 20, 20, 4, 2, 20, 20, 20, 5, 1, 0, 20, 20, 20, 20, 20]
[20, 20, 20, 20, 3, 20, 20, 20, 20, 0, 20, 20, 20, 1, 5, 20, 20, 20, 4, 2]
[20, 20, 20, 20, 20, 20, 20, 3, 20, 0, 20, 20, 20, 2, 4, 20, 20, 20, 5, 1]
[20, 20, 20, 20, 20, 0, 20, 20, 20, 20, 20, 5, 4, 20, 20, 3, 2, 1, 20, 20]
[3, 2, 1, 20, 20, 20, 4, 5, 0, 20, 20, 20, 20, 20, 20, 20, 20, 20, 20, 20]
[20, 5, 1, 0, 20, 20, 4, 2, 3, 20, 20, 20, 20, 20, 20, 20, 20, 20, 20, 20]
[20, 20, 20, 0, 20, 20, 20, 1, 5, 20, 20, 3, 2, 4, 20, 20, 20, 20, 20, 20]
[20, 3, 20, 20, 20, 20, 20, 0, 20, 20, 20, 1, 5, 20, 20, 20, 4, 2, 20, 20]
[20, 20, 20, 20, 20, 20, 20, 0, 20, 20, 20, 4, 5, 20, 20, 3, 2, 1, 20, 20]
[3, 2, 1, 20, 20, 0, 5, 4, 20, 20, 20, 20, 20, 20, 20, 20, 20, 20, 20, 20]
[20, 5, 2, 3, 20, 0, 1, 4, 20, 20, 20, 20, 20, 20, 20, 20, 20, 20, 20, 20]
[20, 0, 20, 3, 20, 1, 5, 20, 20, 20, 2, 4, 20, 20, 20, 20, 20, 20, 20, 20]
[20, 1, 4, 20, 20, 0, 5, 2, 3, 20, 20, 20, 20, 20, 20, 20, 20, 20, 20, 20]
[20, 3, 20, 0, 20, 20, 20, 2, 1, 20, 20, 20, 5, 4, 20, 20, 20, 20, 20, 20]
[20, 20, 20, 20, 3, 20, 20, 20, 20, 0, 20, 20, 20, 4, 2, 20, 20, 20, 5, 1]
[20, 20, 20, 20, 20, 20, 20, 0, 20, 3, 20, 20, 20, 1, 2, 20, 20, 20, 5, 4]
[3, 0, 20, 20, 20, 2, 1, 20, 20, 20, 4, 5, 20, 20, 20, 20, 20, 20, 20, 20]
[20, 0, 20, 20, 20, 20, 20, 5, 4, 20, 20, 3, 2, 1, 20, 20, 20, 20, 20, 20]
[20, 20, 20, 20, 20, 20, 20, 0, 20, 3, 20, 20, 20, 1, 2, 20, 20, 20, 4, 5]
[20, 0, 20, 3, 20, 4, 5, 20, 20, 20, 2, 1, 20, 20, 20, 20, 20, 20, 20, 20]
[20, 20, 20, 0, 20, 20, 20, 5, 1, 20, 20, 20, 4, 2, 3, 20, 20, 20, 20, 20]
[20, 0, 20, 20, 20, 20, 20, 1, 4, 20, 20, 20, 5, 2, 3, 20, 20, 20, 20, 20]
[20, 3, 20, 0, 20, 20, 20, 2, 1, 20, 20, 20, 4, 5, 20, 20, 20, 20, 20, 20]
[20, 20, 20, 20, 20, 20, 20, 3, 20, 20, 20, 1, 2, 20, 20, 0, 5, 4, 20, 20]
[3, 2, 5, 20, 20, 0, 1, 4, 20, 20, 20, 20, 20, 20, 20, 20, 20, 20, 20, 20]
[3, 0, 20, 20, 20, 2, 1, 20, 20, 20, 5, 4, 20, 20, 20, 20, 20, 20, 20, 20]
[20, 1, 5, 0, 20, 3, 2, 4, 20, 20, 20, 20, 20, 20, 20, 20, 20, 20, 20, 20]
[20, 20, 20, 0, 20, 20, 20, 4, 5, 20, 20, 3, 2, 1, 20, 20, 20, 20, 20, 20]
[20, 20, 20, 20, 20, 0, 20, 3, 20, 20, 20, 1, 2, 20, 20, 20, 4, 5, 20, 20]
[0, 20, 20, 3, 20, 5, 4, 20, 20, 20, 2, 1, 20, 20, 20, 20, 20, 20, 20, 20]
[20, 0, 20, 20, 20, 5, 1, 20, 20, 20, 4, 2, 3, 20, 20, 20, 20, 20, 20, 20]
[0, 20, 20, 20, 20, 1, 4, 20, 20, 20, 5, 2, 3, 20, 20, 20, 20, 20, 20, 20]
[20, 3, 20, 0, 20, 20, 20, 2, 5, 20, 20, 20, 1, 4, 20, 20, 20, 20, 20, 20]
[20, 20, 20, 20, 20, 3, 20, 20, 20, 20, 20, 2, 1, 20, 20, 0, 5, 4, 20, 20]
[20, 20, 20, 20, 20, 20, 20, 3, 20, 0, 20, 20, 20, 2, 5, 20, 20, 20, 4, 1]
[20, 20, 20, 20, 20, 20, 20, 0, 20, 3, 20, 20, 20, 5, 2, 20, 20, 20, 1, 4]
[20, 3, 20, 20, 20, 20, 20, 0, 20, 20, 20, 20, 20, 1, 4, 20, 20, 20, 5, 2]
[20, 3, 20, 20, 20, 20, 20, 0, 20, 20, 20, 5, 1, 20, 20, 20, 4, 2, 20, 20]
[20, 4, 5, 20, 20, 3, 2, 1, 0, 20, 20, 20, 20, 20, 20, 20, 20, 20, 20, 20]
[20, 20, 20, 20, 20, 3, 20, 0, 20, 20, 20, 2, 1, 20, 20, 20, 4, 5, 20, 20]
[20, 20, 20, 20, 20, 20, 20, 3, 20, 20, 20, 5, 2, 20, 20, 0, 1, 4, 20, 20]
[20, 0, 20, 3, 20, 20, 20, 1, 2, 20, 20, 20, 5, 4, 20, 20, 20, 20, 20, 20]
[3, 0, 20, 20, 20, 2, 5, 20, 20, 20, 1, 4, 20, 20, 20, 20, 20, 20, 20, 20]
[20, 20, 20, 20, 20, 20, 20, 20, 20, 20, 3, 1, 4, 20, 20, 0, 5, 2, 20, 20]
[20, 1, 5, 0, 20, 20, 4, 2, 3, 20, 20, 20, 20, 20, 20, 20, 20, 20, 20, 20]
[20, 0, 20, 3, 20, 20, 20, 1, 2, 20, 20, 20, 4, 5, 20, 20, 20, 20, 20, 20]
[20, 5, 4, 20, 20, 3, 2, 1, 0, 20, 20, 20, 20, 20, 20, 20, 20, 20, 20, 20]
[0, 3, 20, 20, 20, 1, 2, 20, 20, 20, 5, 4, 20, 20, 20, 20, 20, 20, 20, 20]
[20, 20, 20, 20, 3, 20, 20, 20, 20, 0, 20, 20, 20, 1, 5, 20, 20, 20, 2, 4]
[20, 20, 20, 20, 20, 20, 20, 3, 20, 0, 20, 20, 20, 2, 1, 20, 20, 20, 4, 5]
[20, 20, 20, 20, 20, 20, 20, 3, 20, 0, 20, 20, 20, 2, 5, 20, 20, 20, 1, 4]
[20, 0, 20, 3, 20, 20, 20, 5, 2, 20, 20, 20, 1, 4, 20, 20, 20, 20, 20, 20]
[0, 3, 20, 20, 20, 1, 2, 20, 20, 20, 4, 5, 20, 20, 20, 20, 20, 20, 20, 20]
[20, 20, 20, 20, 20, 20, 20, 0, 20, 20, 20, 1, 5, 20, 20, 3, 2, 4, 20, 20]
[20, 20, 20, 20, 20, 20, 20, 3, 20, 0, 20, 20, 20, 2, 1, 20, 20, 20, 5, 4]
[20, 1, 2, 3, 20, 20, 4, 5, 0, 20, 20, 20, 20, 20, 20, 20, 20, 20, 20, 20]
[20, 20, 20, 20, 20, 20, 20, 0, 20, 3, 20, 20, 20, 5, 2, 20, 20, 20, 4, 1]
[20, 20, 20, 0, 20, 20, 20, 1, 5, 20, 20, 20, 4, 2, 3, 20, 20, 20, 20, 20]
[20, 20, 20, 20, 3, 20, 20, 20, 20, 0, 20, 20, 20, 5, 1, 20, 20, 20, 4, 2]
[20, 0, 20, 20, 20, 1, 5, 20, 20, 20, 4, 2, 3, 20, 20, 20, 20, 20, 20, 20]
[0, 3, 20, 20, 20, 5, 2, 20, 20, 20, 1, 4, 20, 20, 20, 20, 20, 20, 20, 20]
[20, 20, 20, 20, 20, 3, 20, 20, 20, 20, 20, 2, 5, 20, 20, 0, 1, 4, 20, 20]
[20, 1, 2, 3, 20, 0, 5, 4, 20, 20, 20, 20, 20, 20, 20, 20, 20, 20, 20, 20]
