[20, 4, 5, 0, 1, 12, 6, 13, 9, 2, 20, 7, 11, 10, 3, 20, 20, 20, 8, 20]
[20, 8, 12, 0, 2, 20, 20, 10, 13, 4, 20, 6, 11, 9, 1, 20, 7, 20, 3, 5]
[20, 7, 8, 3, 5, 20, 20, 10, 11, 6, 20, 4, 13, 9, 0, 20, 12, 20, 1, 2]
[20, 6, 7, 0, 2, 20, 8, 11, 13, 4, 20, 1, 9, 10, 12, 20, 3, 5, 20, 20]
[20, 5, 6, 0, 1, 8, 7, 11, 9, 2, 20, 20, 10, 13, 3, 20, 20, 20, 4, 12]
[20, 0, 2, 6, 7, 12, 4, 13, 11, 8, 20, 20, 10, 9, 1, 20, 20, 20, 3, 5]
[20, 1, 3, 0, 2, 12, 5, 9, 13, 4, 20, 20, 10, 11, 6, 20, 20, 20, 7, 8]
[20, 5, 6, 0, 1, 8, 7, 11, 9, 2, 20, 4, 13, 10, 3, 20, 12, 20, 20, 20]
[20, 0, 2, 6, 7, 20, 4, 13, 11, 8, 20, 1, 9, 10, 12, 20, 3, 5, 20, 20]
[20, 6, 7, 3, 5, 20, 20, 11, 10, 8, 20, 4, 13, 9, 0, 20, 12, 20, 1, 2]
[20, 0, 2, 8, 12, 20, 4, 13, 10, 20, 20, 1, 9, 11, 6, 20, 3, 5, 7, 20]
[8, 0, 1, 3, 5, 7, 2, 9, 11, 6, 20, 20, 10, 13, 4, 20, 20, 20, 12, 20]
[20, 5, 8, 0, 1, 20, 20, 10, 9, 2, 20, 4, 13, 11, 3, 20, 12, 20, 6, 7]
[20, 1, 3, 0, 2, 20, 5, 9, 13, 4, 20, 6, 11, 10, 12, 8, 7, 20, 20, 20]
[20, 0, 1, 3, 5, 20, 2, 9, 11, 6, 20, 4, 13, 10, 7, 20, 12, 20, 8, 20]
[20, 12, 20, 6, 7, 20, 20, 10, 11, 8, 20, 1, 9, 13, 0, 20, 3, 5, 2, 4]
[20, 4, 5, 0, 1, 12, 6, 13, 9, 2, 20, 20, 10, 11, 3, 20, 20, 20, 7, 8]
[20, 0, 2, 8, 12, 20, 4, 13, 10, 20, 20, 6, 11, 9, 1, 20, 7, 20, 3, 5]
[20, 0, 1, 3, 5, 20, 2, 9, 10, 8, 20, 4, 13, 11, 6, 20, 12, 20, 7, 20]
[20, 5, 8, 0, 1, 20, 12, 10, 9, 2, 20, 7, 11, 13, 3, 20, 20, 20, 4, 6]
[20, 8, 12, 0, 2, 20, 20, 10, 13, 4, 20, 1, 9, 11, 6, 20, 3, 5, 7, 20]
[20, 6, 7, 0, 2, 12, 8, 11, 13, 4, 20, 20, 10, 9, 1, 20, 20, 20, 3, 5]
[20, 6, 7, 8, 12, 20, 20, 11, 10, 20, 20, 1, 9, 13, 0, 20, 3, 5, 2, 4]
[20, 0, 1, 3, 5, 20, 2, 9, 10, 8, 20, 7, 11, 13, 4, 20, 20, 20, 6, 12]
