[1, 3, 9, 5, 7, 0, 15, 6, 4, 8, 11, 2, 14, 20, 10, 12, 13, 20, 20, 20]
[1, 3, 6, 4, 5, 0, 15, 9, 7, 8, 2, 11, 12, 13, 10, 20, 20, 20, 14, 20]
[4, 11, 0, 7, 8, 6, 15, 2, 5, 10, 9, 3, 1, 20, 20, 12, 13, 14, 20, 20]
[7, 0, 2, 1, 8, 9, 15, 11, 5, 10, 3, 6, 4, 12, 13, 20, 20, 20, 14, 20]
[8, 7, 10, 0, 11, 13, 12, 9, 15, 2, 14, 1, 3, 6, 4, 20, 20, 20, 5, 20]
[7, 9, 3, 1, 5, 0, 15, 6, 4, 8, 2, 11, 12, 13, 10, 20, 20, 20, 14, 20]
[1, 0, 11, 4, 5, 3, 15, 2, 8, 10, 6, 9, 7, 20, 14, 13, 12, 20, 20, 20]
[7, 0, 11, 4, 5, 9, 15, 2, 8, 10, 6, 3, 1, 13, 12, 20, 20, 20, 14, 20]
[14, 1, 10, 11, 0, 5, 13, 3, 15, 2, 12, 4, 6, 9, 7, 20, 20, 20, 8, 20]
[4, 6, 3, 1, 10, 0, 15, 9, 5, 14, 2, 11, 7, 8, 20, 13, 12, 20, 20, 20]
[1, 11, 0, 7, 8, 3, 15, 2, 5, 10, 9, 6, 4, 20, 20, 12, 13, 14, 20, 20]
[5, 4, 10, 0, 11, 8, 20, 6, 15, 2, 14, 7, 9, 3, 1, 13, 12, 20, 20, 20]
[7, 0, 11, 1, 8, 9, 15, 2, 5, 10, 3, 6, 4, 13, 12, 20, 20, 20, 14, 20]
[7, 9, 6, 2, 4, 0, 15, 3, 1, 8, 5, 11, 12, 13, 10, 20, 20, 20, 14, 20]
[20, 1, 10, 0, 11, 5, 13, 3, 15, 2, 14, 4, 6, 9, 7, 20, 20, 20, 8, 12]
[20, 1, 10, 0, 11, 8, 20, 3, 15, 2, 14, 7, 9, 6, 4, 13, 12, 20, 5, 20]
[5, 4, 10, 0, 11, 14, 13, 6, 15, 2, 20, 1, 3, 9, 7, 20, 20, 20, 8, 12]
[1, 11, 0, 4, 5, 3, 15, 2, 8, 10, 6, 9, 7, 20, 14, 13, 12, 20, 20, 20]
[8, 7, 10, 0, 11, 5, 12, 9, 15, 2, 13, 4, 6, 3, 1, 14, 20, 20, 20, 20]
[4, 11, 0, 1, 10, 6, 15, 2, 5, 14, 3, 9, 7, 8, 20, 13, 12, 20, 20, 20]
[1, 3, 9, 5, 7, 0, 15, 6, 4, 8, 2, 11, 12, 13, 10, 20, 20, 20, 14, 20]
[4, 6, 9, 2, 7, 0, 15, 3, 1, 8, 11, 5, 14, 20, 10, 12, 13, 20, 20, 20]
[4, 6, 3, 1, 10, 11, 15, 9, 5, 12, 0, 2, 7, 8, 13, 20, 20, 20, 14, 20]
[1, 0, 11, 7, 8, 3, 15, 2, 5, 10, 9, 6, 4, 20, 20, 12, 13, 14, 20, 20]
[8, 7, 10, 11, 0, 13, 12, 9, 15, 2, 14, 1, 3, 6, 4, 20, 20, 20, 5, 20]
[1, 3, 6, 4, 5, 0, 15, 9, 7, 8, 11, 2, 12, 13, 10, 20, 20, 20, 14, 20]
[7, 9, 3, 1, 5, 0, 15, 6, 4, 8, 11, 2, 14, 20, 10, 12, 13, 20, 20, 20]
[7, 9, 6, 2, 4, 0, 15, 3, 1, 8, 11, 5, 14, 20, 10, 12, 13, 20, 20, 20]
[1, 3, 6, 4, 5, 11, 15, 9, 7, 8, 0, 2, 12, 13, 10, 20, 20, 20, 14, 20]
[7, 11, 0, 4, 5, 9, 15, 2, 8, 10, 6, 3, 1, 13, 12, 20, 20, 20, 14, 20]
[5, 4, 10, 11, 0, 8, 13, 6, 15, 2, 12, 7, 9, 3, 1, 20, 20, 20, 14, 20]
[4, 6, 9, 2, 7, 11, 15, 3, 1, 8, 0, 5, 12, 13, 10, 20, 20, 20, 14, 20]
[4, 6, 3, 1, 10, 0, 15, 9, 5, 20, 11, 2, 7, 8, 20, 12, 13, 14, 20, 20]
[1, 3, 9, 5, 7, 11, 15, 6, 4, 8, 0, 2, 12, 13, 10, 20, 20, 20, 14, 20]
[7, 11, 0, 1, 8, 9, 15, 2, 5, 10, 3, 6, 4, 13, 12, 20, 20, 20, 14, 20]
[4, 0, 2, 7, 8, 6, 15, 11, 5, 10, 9, 3, 1, 12, 13, 20, 20, 20, 14, 20]
[4, 0, 11, 1, 10, 6, 15, 2, 5, 14, 3, 9, 7, 8, 20, 13, 12, 20, 20, 20]
[5, 4, 10, 11, 0, 13, 14, 6, 15, 2, 12, 1, 3, 9, 7, 20, 20, 20, 8, 20]
[1, 0, 2, 7, 8, 3, 15, 11, 5, 10, 9, 6, 4, 12, 13, 20, 20, 20, 14, 20]
[1, 0, 2, 4, 5, 3, 15, 11, 8, 10, 6, 9, 7, 12, 13, 20, 20, 20, 14, 20]
[7, 9, 3, 1, 5, 11, 15, 6, 4, 8, 0, 2, 12, 13, 10, 20, 20, 20, 14, 20]
[4, 6, 9, 2, 7, 0, 15, 3, 1, 8, 5, 11, 12, 13, 10, 20, 20, 20, 14, 20]
[4, 0, 2, 1, 10, 6, 15, 11, 5, 14, 3, 9, 7, 8, 20, 13, 12, 20, 20, 20]
[14, 1, 10, 11, 0, 8, 13, 3, 15, 2, 12, 7, 9, 6, 4, 20, 20, 20, 5, 20]
[7, 0, 2, 4, 5, 9, 15, 11, 8, 10, 6, 3, 1, 12, 13, 20, 20, 20, 14, 20]
[8, 7, 10, 11, 0, 5, 12, 9, 15, 2, 13, 4, 6, 3, 1, 14, 20, 20, 20, 20]
[4, 0, 11, 7, 8, 6, 15, 2, 5, 10, 9, 3, 1, 20, 20, 12, 13, 14, 20, 20]
[7, 9, 6, 2, 4, 11, 15, 3, 1, 8, 0, 5, 12, 13, 10, 20, 20, 20, 14, 20]
