[20, 20, 8, 1, 5, 20, 20, 4, 3, 2, 20, 20, 7, 6, 0, 20, 20, 20, 20, 20]
[20, 20, 2, 0, 1, 20, 20, 7, 6, 5, 8, 20, 3, 4, 20, 20, 20, 20, 20, 20]
[20, 5, 2, 0, 1, 20, 20, 4, 6, 8, 20, 20, 3, 7, 20, 20, 20, 20, 20, 20]
[2, 0, 20, 1, 5, 20, 20, 6, 3, 8, 20, 20, 7, 4, 20, 20, 20, 20, 20, 20]
[20, 5, 2, 0, 1, 20, 20, 4, 7, 8, 20, 20, 3, 6, 20, 20, 20, 20, 20, 20]
[20, 5, 2, 0, 1, 20, 20, 3, 6, 8, 20, 20, 7, 4, 20, 20, 20, 20, 20, 20]
[2, 0, 8, 1, 5, 20, 20, 6, 4, 20, 20, 20, 3, 7, 20, 20, 20, 20, 20, 20]
[20, 8, 2, 0, 1, 20, 20, 6, 7, 5, 20, 20, 4, 3, 20, 20, 20, 20, 20, 20]
[20, 5, 2, 0, 1, 20, 20, 4, 7, 8, 20, 20, 6, 3, 20, 20, 20, 20, 20, 20]
[20, 8, 2, 0, 1, 20, 20, 6, 7, 5, 20, 20, 3, 4, 20, 20, 20, 20, 20, 20]
[2, 0, 20, 1, 5, 20, 20, 6, 3, 8, 20, 20, 4, 7, 20, 20, 20, 20, 20, 20]
[20, 8, 20, 1, 5, 20, 20, 3, 4, 2, 20, 20, 6, 7, 0, 20, 20, 20, 20, 20]
[2, 0, 8, 1, 5, 20, 20, 6, 4, 20, 20, 20, 7, 3, 20, 20, 20, 20, 20, 20]
[20, 20, 8, 1, 5, 20, 20, 4, 3, 2, 20, 20, 6, 7, 0, 20, 20, 20, 20, 20]
[2, 0, 20, 1, 5, 20, 20, 7, 3, 8, 20, 20, 4, 6, 20, 20, 20, 20, 20, 20]
[2, 0, 8, 1, 5, 20, 20, 7, 4, 20, 20, 20, 6, 3, 20, 20, 20, 20, 20, 20]
[20, 5, 2, 0, 1, 20, 20, 3, 6, 8, 20, 20, 4, 7, 20, 20, 20, 20, 20, 20]
[20, 5, 2, 0, 1, 20, 8, 3, 7, 20, 20, 20, 6, 4, 20, 20, 20, 20, 20, 20]
[20, 8, 20, 1, 5, 20, 20, 3, 4, 2, 20, 20, 7, 6, 0, 20, 20, 20, 20, 20]
[2, 0, 8, 1, 5, 20, 20, 7, 4, 20, 20, 20, 3, 6, 20, 20, 20, 20, 20, 20]
[20, 5, 2, 0, 1, 20, 20, 4, 6, 8, 20, 20, 7, 3, 20, 20, 20, 20, 20, 20]
[20, 5, 2, 0, 1, 20, 8, 3, 7, 20, 20, 20, 4, 6, 20, 20, 20, 20, 20, 20]
[20, 20, 2, 0, 1, 20, 20, 7, 6, 5, 8, 20, 4, 3, 20, 20, 20, 20, 20, 20]
[2, 0, 20, 1, 5, 20, 20, 7, 3, 8, 20, 20, 6, 4, 20, 20, 20, 20, 20, 20]
