[20, 20, 20, 20, 5, 20, 20, 20, 20, 0, 20, 20, 20, 2, 4, 20, 20, 20, 3, 1]
[20, 20, 20, 0, 20, 20, 20, 2, 3, 20, 20, 20, 1, 4, 5, 20, 20, 20, 20, 20]
[20, 20, 20, 20, 20, 20, 20, 5, 20, 20, 20, 2, 1, 20, 20, 0, 3, 4, 20, 20]
[20, 20, 20, 0, 20, 20, 20, 3, 2, 20, 20, 20, 4, 1, 5, 20, 20, 20, 20, 20]
[20, 4, 1, 5, 20, 20, 2, 3, 0, 20, 20, 20, 20, 20, 20, 20, 20, 20, 20, 20]
[20, 2, 4, 20, 20, 5, 1, 3, 0, 20, 20, 20, 20, 20, 20, 20, 20, 20, 20, 20]
[20, 0, 20, 20, 20, 2, 3, 20, 20, 20, 4, 1, 5, 20, 20, 20, 20, 20, 20, 20]
[20, 20, 20, 20, 20, 20, 20, 5, 20, 0, 20, 20, 20, 1, 2, 20, 20, 20, 4, 3]
[20, 5, 20, 0, 20, 20, 20, 1, 2, 20, 20, 20, 3, 4, 20, 20, 20, 20, 20, 20]
[20, 20, 20, 20, 20, 20, 20, 5, 20, 20, 20, 1, 4, 20, 20, 0, 3, 2, 20, 20]
[20, 20, 20, 20, 5, 20, 20, 20, 20, 0, 20, 20, 20, 2, 3, 20, 20, 20, 1, 4]
[20, 4, 2, 20, 20, 0, 3, 1, 5, 20, 20, 20, 20, 20, 20, 20, 20, 20, 20, 20]
[20, 3, 1, 20, 20, 20, 2, 4, 0, 20, 20, 20, 5, 20, 20, 20, 20, 20, 20, 20]
[5, 0, 20, 20, 20, 4, 3, 20, 20, 20, 1, 2, 20, 20, 20, 20, 20, 20, 20, 20]
[20, 20, 20, 20, 5, 20, 20, 20, 20, 0, 20, 20, 20, 3, 2, 20, 20, 20, 4, 1]
[20, 20, 20, 0, 5, 20, 20, 2, 4, 20, 20, 20, 3, 1, 20, 20, 20, 20, 20, 20]
[20, 20, 20, 20, 20, 20, 20, 0, 20, 20, 20, 4, 3, 20, 20, 5, 1, 2, 20, 20]
[20, 0, 20, 5, 20, 20, 20, 3, 1, 20, 20, 20, 2, 4, 20, 20, 20, 20, 20, 20]
[20, 20, 20, 20, 20, 20, 20, 0, 20, 5, 20, 20, 20, 4, 1, 20, 20, 20, 2, 3]
[20, 20, 20, 0, 5, 20, 20, 3, 4, 20, 20, 20, 1, 2, 20, 20, 20, 20, 20, 20]
[20, 4, 2, 20, 20, 5, 1, 3, 0, 20, 20, 20, 20, 20, 20, 20, 20, 20, 20, 20]
[5, 0, 20, 20, 20, 1, 2, 20, 20, 20, 4, 3, 20, 20, 20, 20, 20, 20, 20, 20]
[20, 20, 20, 20, 20, 20, 20, 5, 20, 20, 20, 2, 1, 20, 20, 0, 4, 3, 20, 20]
[20, 3, 2, 20, 20, 20, 1, 4, 0, 20, 20, 20, 5, 20, 20, 20, 20, 20, 20, 20]
[20, 0, 20, 5, 20, 20, 20, 4, 1, 20, 20, 20, 2, 3, 20, 20, 20, 20, 20, 20]
[20, 20, 20, 20, 20, 20, 20, 20, 20, 20, 5, 2, 3, 20, 20, 0, 4, 1, 20, 20]
[20, 1, 2, 20, 20, 20, 3, 4, 0, 20, 20, 20, 5, 20, 20, 20, 20, 20, 20, 20]
[20, 20, 20, 20, 5, 20, 20, 20, 20, 0, 20, 20, 20, 3, 4, 20, 20, 20, 1, 2]
[20, 20, 20, 20, 20, 20, 20, 0, 20, 5, 20, 20, 20, 3, 1, 20, 20, 20, 2, 4]
[20, 20, 20, 20, 20, 20, 20, 5, 20, 0, 20, 20, 20, 1, 4, 20, 20, 20, 3, 2]
[20, 5, 20, 0, 20, 20, 20, 4, 3, 20, 20, 20, 1, 2, 20, 20, 20, 20, 20, 20]
[20, 20, 20, 20, 20, 20, 20, 5, 20, 0, 20, 20, 20, 4, 2, 20, 20, 20, 1, 3]
[20, 20, 20, 20, 20, 20, 20, 5, 20, 20, 20, 4, 1, 20, 20, 0, 3, 2, 20, 20]
[0, 5, 20, 20, 20, 2, 1, 20, 20, 20, 4, 3, 20, 20, 20, 20, 20, 20, 20, 20]
[20, 20, 20, 20, 20, 20, 20, 0, 20, 20, 20, 3, 4, 20, 20, 5, 1, 2, 20, 20]
[20, 20, 20, 20, 20, 5, 20, 20, 20, 20, 20, 1, 3, 20, 20, 0, 4, 2, 20, 20]
[20, 3, 4, 20, 20, 5, 1, 2, 0, 20, 20, 20, 20, 20, 20, 20, 20, 20, 20, 20]
[20, 1, 4, 5, 20, 20, 2, 3, 0, 20, 20, 20, 20, 20, 20, 20, 20, 20, 20, 20]
[20, 20, 20, 0, 20, 20, 20, 2, 3, 20, 20, 20, 4, 1, 5, 20, 20, 20, 20, 20]
[20, 1, 3, 20, 20, 5, 4, 2, 0, 20, 20, 20, 20, 20, 20, 20, 20, 20, 20, 20]
[20, 4, 1, 5, 20, 20, 3, 2, 0, 20, 20, 20, 20, 20, 20, 20, 20, 20, 20, 20]
[20, 0, 5, 20, 20, 3, 4, 20, 20, 20, 2, 1, 20, 20, 20, 20, 20, 20, 20, 20]
[20, 20, 20, 20, 20, 20, 20, 0, 20, 5, 20, 20, 20, 3, 1, 20, 20, 20, 4, 2]
[20, 20, 20, 20, 20, 20, 20, 5, 20, 20, 20, 1, 4, 20, 20, 0, 2, 3, 20, 20]
[20, 20, 20, 20, 5, 20, 20, 20, 20, 0, 20, 20, 20, 3, 2, 20, 20, 20, 1, 4]
[20, 3, 2, 20, 20, 0, 4, 1, 5, 20, 20, 20, 20, 20, 20, 20, 20, 20, 20, 20]
[20, 5, 20, 0, 20, 20, 20, 1, 2, 20, 20, 20, 4, 3, 20, 20, 20, 20, 20, 20]
[20, 20, 20, 20, 20, 20, 20, 0, 20, 20, 20, 2, 3, 20, 20, 5, 1, 4, 20, 20]
[20, 20, 20, 20, 20, 20, 20, 5, 20, 0, 20, 20, 20, 4, 2, 20, 20, 20, 3, 1]
[20, 20, 20, 20, 5, 20, 20, 20, 20, 0, 20, 20, 20, 2, 4, 20, 20, 20, 1, 3]
[20, 20, 20, 20, 20, 20, 20, 20, 20, 20, 5, 3, 2, 20, 20, 0, 4, 1, 20, 20]
[20, 2, 4, 20, 20, 0, 3, 1, 5, 20, 20, 20, 20, 20, 20, 20, 20, 20, 20, 20]
[20, 20, 20, 20, 20, 20, 20, 5, 20, 20, 20, 3, 1, 20, 20, 0, 4, 2, 20, 20]
[5, 0, 20, 20, 20, 4, 3, 20, 20, 20, 2, 1, 20, 20, 20, 20, 20, 20, 20, 20]
[20, 20, 20, 20, 20, 5, 20, 20, 20, 20, 20, 1, 3, 20, 20, 0, 2, 4, 20, 20]
[20, 20, 20, 20, 20, 20, 20, 0, 20, 5, 20, 20, 20, 4, 1, 20, 20, 20, 3, 2]
[20, 3, 1, 20, 20, 5, 4, 2, 0, 20, 20, 20, 20, 20, 20, 20, 20, 20, 20, 20]
[20, 2, 3, 20, 20, 20, 1, 4, 0, 20, 20, 20, 5, 20, 20, 20, 20, 20, 20, 20]
[0, 5, 20, 20, 20, 2, 1, 20, 20, 20, 3, 4, 20, 20, 20, 20, 20, 20, 20, 20]
[20, 0, 5, 20, 20, 1, 4, 20, 20, 20, 3, 2, 20, 20, 20, 20, 20, 20, 20, 20]
[20, 1, 3, 20, 20, 20, 2, 4, 0, 20, 20, 20, 5, 20, 20, 20, 20, 20, 20, 20]
[20, 20, 20, 20, 20, 20, 20, 5, 20, 20, 20, 2, 4, 20, 20, 0, 3, 1, 20, 20]
[5, 0, 20, 20, 20, 4, 2, 20, 20, 20, 1, 3, 20, 20, 20, 20, 20, 20, 20, 20]
[20, 20, 20, 20, 20, 20, 20, 5, 20, 0, 20, 20, 20, 1, 3, 20, 20, 20, 4, 2]
[20, 20, 20, 20, 20, 20, 20, 0, 20, 5, 20, 20, 20, 2, 1, 20, 20, 20, 4, 3]
[20, 20, 20, 0, 5, 20, 20, 3, 4, 20, 20, 20, 2, 1, 20, 20, 20, 20, 20, 20]
[20, 20, 20, 20, 20, 20, 20, 5, 20, 20, 20, 3, 1, 20, 20, 0, 2, 4, 20, 20]
[20, 20, 20, 20, 20, 20, 20, 5, 20, 0, 20, 20, 20, 1, 4, 20, 20, 20, 2, 3]
[0, 5, 20, 20, 20, 3, 1, 20, 20, 20, 4, 2, 20, 20, 20, 20, 20, 20, 20, 20]
[20, 20, 20, 20, 20, 20, 20, 0, 20, 20, 20, 2, 4, 20, 20, 5, 1, 3, 20, 20]
[20, 20, 20, 20, 20, 20, 20, 5, 20, 20, 20, 4, 1, 20, 20, 0, 2, 3, 20, 20]
[5, 0, 20, 20, 20, 1, 3, 20, 20, 20, 2, 4, 20, 20, 20, 20, 20, 20, 20, 20]
[20, 20, 20, 20, 5, 20, 20, 20, 20, 0, 20, 20, 20, 3, 4, 20, 20, 20, 2, 1]
[20, 1, 4, 5, 20, 20, 3, 2, 0, 20, 20, 20, 20, 20, 20, 20, 20, 20, 20, 20]
[20, 0, 20, 5, 20, 20, 20, 2, 1, 20, 20, 20, 4, 3, 20, 20, 20, 20, 20, 20]
[20, 0, 20, 20, 20, 3, 2, 20, 20, 20, 1, 4, 5, 20, 20, 20, 20, 20, 20, 20]
[20, 2, 1, 20, 20, 20, 3, 4, 0, 20, 20, 20, 5, 20, 20, 20, 20, 20, 20, 20]
[20, 20, 20, 20, 20, 5, 20, 20, 20, 20, 20, 4, 2, 20, 20, 0, 3, 1, 20, 20]
[20, 0, 5, 20, 20, 2, 4, 20, 20, 20, 1, 3, 20, 20, 20, 20, 20, 20, 20, 20]
[20, 20, 20, 20, 20, 20, 20, 5, 20, 0, 20, 20, 20, 1, 3, 20, 20, 20, 2, 4]
[20, 0, 20, 5, 20, 20, 20, 2, 1, 20, 20, 20, 3, 4, 20, 20, 20, 20, 20, 20]
[5, 0, 20, 20, 20, 4, 2, 20, 20, 20, 3, 1, 20, 20, 20, 20, 20, 20, 20, 20]
[20, 20, 20, 20, 20, 20, 20, 5, 20, 0, 20, 20, 20, 4, 3, 20, 20, 20, 2, 1]
[20, 2, 1, 20, 20, 5, 4, 3, 0, 20, 20, 20, 20, 20, 20, 20, 20, 20, 20, 20]
[20, 20, 20, 0, 5, 20, 20, 1, 4, 20, 20, 20, 3, 2, 20, 20, 20, 20, 20, 20]
[20, 2, 3, 20, 20, 0, 4, 1, 5, 20, 20, 20, 20, 20, 20, 20, 20, 20, 20, 20]
[20, 20, 20, 20, 20, 20, 20, 0, 20, 20, 20, 3, 2, 20, 20, 5, 1, 4, 20, 20]
[20, 20, 20, 20, 20, 5, 20, 20, 20, 20, 20, 1, 2, 20, 20, 0, 3, 4, 20, 20]
[20, 0, 5, 20, 20, 1, 4, 20, 20, 20, 2, 3, 20, 20, 20, 20, 20, 20, 20, 20]
[20, 20, 20, 20, 20, 20, 20, 0, 20, 5, 20, 20, 20, 2, 1, 20, 20, 20, 3, 4]
[20, 20, 20, 20, 20, 20, 20, 0, 20, 20, 20, 4, 2, 20, 20, 5, 1, 3, 20, 20]
[20, 4, 3, 20, 20, 5, 1, 2, 0, 20, 20, 20, 20, 20, 20, 20, 20, 20, 20, 20]
[0, 5, 20, 20, 20, 4, 1, 20, 20, 20, 3, 2, 20, 20, 20, 20, 20, 20, 20, 20]
[20, 5, 20, 0, 20, 20, 20, 4, 3, 20, 20, 20, 2, 1, 20, 20, 20, 20, 20, 20]
[5, 0, 20, 20, 20, 1, 3, 20, 20, 20, 4, 2, 20, 20, 20, 20, 20, 20, 20, 20]
[20, 0, 20, 5, 20, 20, 20, 3, 1, 20, 20, 20, 4, 2, 20, 20, 20, 20, 20, 20]
[20, 20, 20, 20, 5, 20, 20, 20, 20, 0, 20, 20, 20, 2, 3, 20, 20, 20, 4, 1]
[20, 0, 5, 20, 20, 2, 4, 20, 20, 20, 3, 1, 20, 20, 20, 20, 20, 20, 20, 20]
[20, 5, 20, 0, 20, 20, 20, 1, 3, 20, 20, 20, 2, 4, 20, 20, 20, 20, 20, 20]
[20, 20, 20, 0, 20, 20, 20, 3, 2, 20, 20, 20, 1, 4, 5, 20, 20, 20, 20, 20]
[20, 4, 3, 20, 20, 0, 2, 1, 5, 20, 20, 20, 20, 20, 20, 20, 20, 20, 20, 20]
[20, 5, 20, 0, 20, 20, 20, 4, 2, 20, 20, 20, 1, 3, 20, 20, 20, 20, 20, 20]
[20, 20, 20, 20, 20, 20, 20, 5, 20, 0, 20, 20, 20, 4, 3, 20, 20, 20, 1, 2]
[20, 1, 2, 20, 20, 5, 4, 3, 0, 20, 20, 20, 20, 20, 20, 20, 20, 20, 20, 20]
[20, 0, 20, 20, 20, 2, 3, 20, 20, 20, 1, 4, 5, 20, 20, 20, 20, 20, 20, 20]
[20, 20, 20, 20, 20, 5, 20, 20, 20, 20, 20, 4, 3, 20, 20, 0, 2, 1, 20, 20]
[5, 0, 20, 20, 20, 1, 2, 20, 20, 20, 3, 4, 20, 20, 20, 20, 20, 20, 20, 20]
[20, 0, 20, 20, 20, 3, 2, 20, 20, 20, 4, 1, 5, 20, 20, 20, 20, 20, 20, 20]
[20, 20, 20, 20, 20, 5, 20, 20, 20, 20, 20, 1, 2, 20, 20, 0, 4, 3, 20, 20]
[20, 3, 4, 20, 20, 0, 2, 1, 5, 20, 20, 20, 20, 20, 20, 20, 20, 20, 20, 20]
[20, 20, 20, 0, 5, 20, 20, 1, 4, 20, 20, 20, 2, 3, 20, 20, 20, 20, 20, 20]
[20, 20, 20, 20, 20, 20, 20, 5, 20, 0, 20, 20, 20, 1, 2, 20, 20, 20, 3, 4]
[20, 5, 20, 0, 20, 20, 20, 1, 3, 20, 20, 20, 4, 2, 20, 20, 20, 20, 20, 20]
[20, 0, 20, 5, 20, 20, 20, 4, 1, 20, 20, 20, 3, 2, 20, 20, 20, 20, 20, 20]
[20, 20, 20, 20, 20, 20, 20, 5, 20, 20, 20, 3, 4, 20, 20, 0, 2, 1, 20, 20]
[0, 5, 20, 20, 20, 4, 1, 20, 20, 20, 2, 3, 20, 20, 20, 20, 20, 20, 20, 20]
[0, 5, 20, 20, 20, 3, 1, 20, 20, 20, 2, 4, 20, 20, 20, 20, 20, 20, 20, 20]
[20, 20, 20, 0, 5, 20, 20, 2, 4, 20, 20, 20, 1, 3, 20, 20, 20, 20, 20, 20]
[20, 0, 5, 20, 20, 3, 4, 20, 20, 20, 1, 2, 20, 20, 20, 20, 20, 20, 20, 20]
[20, 5, 20, 0, 20, 20, 20, 4, 2, 20, 20, 20, 3, 1, 20, 20, 20, 20, 20, 20]
