[20, 20, 20, 20, 5, 20, 20, 20, 20, 4, 20, 20, 20, 3, 2, 20, 20, 20, 0, 1]
[4, 1, 2, 20, 20, 20, 0, 3, 5, 20, 20, 20, 20, 20, 20, 20, 20, 20, 20, 20]
[20, 20, 20, 20, 20, 4, 5, 20, 20, 20, 20, 1, 2, 20, 20, 20, 3, 0, 20, 20]
[20, 20, 20, 4, 5, 20, 20, 2, 1, 20, 20, 20, 0, 3, 20, 20, 20, 20, 20, 20]
[20, 3, 0, 20, 20, 20, 2, 1, 4, 20, 20, 20, 5, 20, 20, 20, 20, 20, 20, 20]
[20, 4, 5, 20, 20, 20, 20, 1, 3, 20, 20, 20, 0, 2, 20, 20, 20, 20, 20, 20]
[4, 5, 20, 20, 20, 1, 2, 20, 20, 20, 0, 3, 20, 20, 20, 20, 20, 20, 20, 20]
[20, 20, 20, 20, 20, 20, 20, 4, 5, 20, 20, 2, 1, 20, 20, 20, 0, 3, 20, 20]
[20, 20, 20, 20, 20, 3, 0, 20, 20, 20, 2, 1, 4, 20, 20, 20, 5, 20, 20, 20]
[20, 4, 5, 20, 20, 20, 20, 1, 2, 20, 20, 20, 3, 0, 20, 20, 20, 20, 20, 20]
[20, 20, 20, 20, 20, 20, 20, 2, 3, 20, 20, 4, 1, 0, 20, 20, 5, 20, 20, 20]
[20, 20, 20, 4, 5, 20, 20, 0, 1, 20, 20, 20, 3, 2, 20, 20, 20, 20, 20, 20]
[20, 20, 20, 20, 20, 3, 2, 20, 20, 20, 0, 1, 4, 20, 20, 20, 5, 20, 20, 20]
[20, 20, 20, 20, 5, 20, 20, 20, 20, 4, 20, 20, 20, 2, 1, 20, 20, 20, 3, 0]
[20, 20, 20, 20, 20, 20, 20, 2, 0, 20, 20, 20, 3, 1, 4, 20, 20, 20, 5, 20]
[20, 20, 20, 20, 20, 20, 20, 4, 5, 20, 20, 3, 1, 20, 20, 20, 2, 0, 20, 20]
[20, 2, 1, 4, 20, 20, 3, 0, 5, 20, 20, 20, 20, 20, 20, 20, 20, 20, 20, 20]
[20, 20, 20, 20, 20, 20, 20, 20, 20, 20, 5, 3, 0, 20, 20, 4, 1, 2, 20, 20]
[20, 20, 20, 20, 20, 20, 20, 4, 5, 20, 20, 20, 20, 1, 0, 20, 20, 20, 3, 2]
[20, 20, 20, 20, 20, 20, 20, 0, 3, 20, 20, 20, 2, 1, 4, 20, 20, 20, 5, 20]
[20, 20, 20, 4, 5, 20, 20, 3, 1, 20, 20, 20, 2, 0, 20, 20, 20, 20, 20, 20]
[20, 20, 20, 3, 1, 20, 20, 5, 0, 2, 20, 20, 20, 20, 4, 20, 20, 20, 20, 20]
[20, 20, 20, 20, 20, 20, 20, 20, 20, 20, 5, 0, 3, 20, 20, 4, 2, 1, 20, 20]
[20, 20, 20, 20, 5, 20, 20, 20, 20, 4, 20, 20, 20, 0, 1, 20, 20, 20, 2, 3]
[20, 4, 5, 20, 20, 2, 1, 20, 20, 20, 3, 0, 20, 20, 20, 20, 20, 20, 20, 20]
[20, 20, 20, 20, 20, 20, 20, 3, 0, 20, 20, 4, 1, 2, 20, 20, 5, 20, 20, 20]
[20, 3, 2, 20, 20, 20, 0, 1, 4, 20, 20, 20, 5, 20, 20, 20, 20, 20, 20, 20]
[20, 20, 20, 3, 0, 20, 20, 4, 1, 2, 20, 20, 5, 20, 20, 20, 20, 20, 20, 20]
[4, 5, 20, 20, 20, 1, 0, 20, 20, 20, 3, 2, 20, 20, 20, 20, 20, 20, 20, 20]
[4, 1, 0, 20, 20, 20, 3, 2, 5, 20, 20, 20, 20, 20, 20, 20, 20, 20, 20, 20]
[20, 20, 20, 20, 20, 20, 20, 20, 20, 20, 5, 3, 2, 20, 20, 4, 1, 0, 20, 20]
[20, 20, 20, 20, 5, 20, 20, 20, 20, 4, 20, 20, 20, 0, 2, 20, 20, 20, 1, 3]
[20, 20, 20, 20, 20, 2, 3, 20, 20, 20, 0, 1, 4, 20, 20, 20, 5, 20, 20, 20]
[20, 20, 20, 20, 20, 20, 20, 20, 20, 20, 5, 0, 2, 20, 20, 4, 1, 3, 20, 20]
[20, 20, 20, 20, 20, 20, 20, 2, 3, 20, 20, 20, 0, 1, 4, 20, 20, 20, 5, 20]
[20, 20, 20, 20, 20, 20, 20, 20, 20, 20, 5, 2, 3, 20, 20, 4, 0, 1, 20, 20]
[20, 20, 20, 20, 5, 20, 20, 20, 20, 4, 20, 20, 20, 2, 3, 20, 20, 20, 0, 1]
[20, 0, 2, 20, 20, 20, 3, 1, 4, 20, 20, 20, 5, 20, 20, 20, 20, 20, 20, 20]
[20, 20, 20, 20, 20, 0, 2, 20, 20, 20, 3, 1, 4, 20, 20, 20, 5, 20, 20, 20]
[20, 20, 20, 20, 5, 20, 20, 20, 20, 4, 20, 20, 20, 3, 0, 20, 20, 20, 1, 2]
[20, 4, 5, 20, 20, 20, 20, 1, 0, 20, 20, 20, 2, 3, 20, 20, 20, 20, 20, 20]
[20, 20, 20, 20, 5, 20, 20, 20, 20, 4, 20, 20, 20, 2, 0, 20, 20, 20, 3, 1]
[20, 20, 20, 20, 20, 20, 20, 0, 2, 20, 20, 20, 3, 1, 4, 20, 20, 20, 5, 20]
[20, 20, 20, 20, 20, 20, 20, 20, 20, 20, 5, 2, 0, 20, 20, 4, 3, 1, 20, 20]
[20, 20, 20, 20, 20, 4, 5, 20, 20, 20, 20, 1, 0, 20, 20, 20, 2, 3, 20, 20]
[20, 20, 20, 20, 5, 20, 20, 20, 20, 4, 20, 20, 20, 0, 2, 20, 20, 20, 3, 1]
[20, 20, 20, 2, 0, 20, 20, 4, 1, 3, 20, 20, 5, 20, 20, 20, 20, 20, 20, 20]
[20, 20, 20, 20, 20, 20, 20, 20, 20, 20, 5, 0, 2, 20, 20, 4, 3, 1, 20, 20]
[20, 20, 20, 20, 20, 20, 20, 4, 5, 20, 20, 20, 20, 1, 0, 20, 20, 20, 2, 3]
[20, 2, 0, 20, 20, 4, 1, 3, 20, 20, 5, 20, 20, 20, 20, 20, 20, 20, 20, 20]
[20, 20, 20, 20, 20, 20, 20, 2, 0, 20, 20, 4, 1, 3, 20, 20, 5, 20, 20, 20]
[20, 20, 20, 4, 20, 0, 2, 20, 20, 20, 1, 3, 20, 20, 20, 5, 20, 20, 20, 20]
[20, 20, 20, 20, 20, 4, 5, 20, 20, 20, 20, 1, 2, 20, 20, 20, 0, 3, 20, 20]
[20, 20, 20, 4, 20, 2, 0, 20, 20, 20, 1, 3, 20, 20, 20, 5, 20, 20, 20, 20]
[20, 0, 2, 20, 20, 4, 1, 3, 20, 20, 5, 20, 20, 20, 20, 20, 20, 20, 20, 20]
[20, 20, 20, 20, 20, 20, 20, 4, 5, 20, 20, 0, 1, 20, 20, 20, 3, 2, 20, 20]
[20, 20, 20, 20, 20, 20, 20, 4, 5, 20, 20, 20, 20, 1, 2, 20, 20, 20, 0, 3]
[4, 1, 0, 20, 20, 20, 2, 3, 5, 20, 20, 20, 20, 20, 20, 20, 20, 20, 20, 20]
[20, 2, 3, 20, 20, 20, 0, 1, 4, 20, 20, 20, 5, 20, 20, 20, 20, 20, 20, 20]
[20, 20, 20, 20, 5, 20, 20, 20, 20, 4, 20, 20, 20, 0, 1, 20, 20, 20, 3, 2]
[20, 20, 20, 20, 5, 20, 20, 20, 20, 4, 20, 20, 20, 2, 0, 20, 20, 20, 1, 3]
[20, 20, 20, 20, 20, 20, 20, 20, 20, 20, 5, 2, 0, 20, 20, 4, 1, 3, 20, 20]
[4, 5, 20, 20, 20, 1, 0, 20, 20, 20, 2, 3, 20, 20, 20, 20, 20, 20, 20, 20]
[20, 20, 20, 20, 20, 20, 20, 0, 2, 20, 20, 4, 1, 3, 20, 20, 5, 20, 20, 20]
[4, 5, 20, 20, 20, 1, 3, 20, 20, 20, 0, 2, 20, 20, 20, 20, 20, 20, 20, 20]
[20, 0, 1, 4, 20, 20, 3, 2, 5, 20, 20, 20, 20, 20, 20, 20, 20, 20, 20, 20]
[20, 20, 20, 4, 20, 2, 3, 20, 20, 20, 1, 0, 20, 20, 20, 5, 20, 20, 20, 20]
[4, 1, 3, 20, 20, 20, 0, 2, 5, 20, 20, 20, 20, 20, 20, 20, 20, 20, 20, 20]
[20, 4, 5, 20, 20, 20, 20, 1, 2, 20, 20, 20, 0, 3, 20, 20, 20, 20, 20, 20]
[20, 4, 5, 20, 20, 0, 1, 20, 20, 20, 3, 2, 20, 20, 20, 20, 20, 20, 20, 20]
[4, 5, 20, 20, 20, 1, 2, 20, 20, 20, 3, 0, 20, 20, 20, 20, 20, 20, 20, 20]
[20, 20, 20, 20, 5, 20, 20, 20, 20, 4, 20, 20, 20, 2, 1, 20, 20, 20, 0, 3]
[20, 20, 20, 20, 20, 20, 20, 3, 0, 20, 20, 20, 2, 1, 4, 20, 20, 20, 5, 20]
[20, 20, 20, 20, 20, 20, 20, 4, 5, 20, 20, 2, 1, 20, 20, 20, 3, 0, 20, 20]
[4, 1, 2, 20, 20, 20, 3, 0, 5, 20, 20, 20, 20, 20, 20, 20, 20, 20, 20, 20]
[20, 20, 20, 20, 5, 20, 20, 20, 20, 4, 20, 20, 20, 3, 1, 20, 20, 20, 2, 0]
[20, 2, 0, 20, 20, 20, 3, 1, 4, 20, 20, 20, 5, 20, 20, 20, 20, 20, 20, 20]
[20, 20, 20, 20, 20, 20, 20, 3, 2, 20, 20, 20, 0, 1, 4, 20, 20, 20, 5, 20]
[20, 0, 3, 20, 20, 20, 2, 1, 4, 20, 20, 20, 5, 20, 20, 20, 20, 20, 20, 20]
[20, 20, 20, 20, 20, 20, 20, 20, 20, 20, 5, 3, 2, 20, 20, 4, 0, 1, 20, 20]
[20, 20, 20, 20, 20, 2, 0, 20, 20, 20, 3, 1, 4, 20, 20, 20, 5, 20, 20, 20]
[20, 20, 20, 20, 20, 0, 3, 20, 20, 20, 2, 1, 4, 20, 20, 20, 5, 20, 20, 20]
[20, 2, 3, 20, 20, 4, 1, 0, 20, 20, 5, 20, 20, 20, 20, 20, 20, 20, 20, 20]
[20, 4, 5, 20, 20, 3, 1, 20, 20, 20, 2, 0, 20, 20, 20, 20, 20, 20, 20, 20]
[20, 3, 1, 4, 20, 20, 0, 2, 5, 20, 20, 20, 20, 20, 20, 20, 20, 20, 20, 20]
[20, 20, 20, 20, 20, 4, 5, 20, 20, 20, 20, 1, 0, 20, 20, 20, 3, 2, 20, 20]
[20, 20, 20, 20, 20, 20, 20, 4, 5, 20, 20, 0, 1, 20, 20, 20, 2, 3, 20, 20]
[20, 3, 1, 4, 20, 20, 2, 0, 5, 20, 20, 20, 20, 20, 20, 20, 20, 20, 20, 20]
[20, 20, 20, 4, 20, 3, 0, 20, 20, 20, 1, 2, 20, 20, 20, 5, 20, 20, 20, 20]
[20, 4, 5, 20, 20, 20, 20, 1, 0, 20, 20, 20, 3, 2, 20, 20, 20, 20, 20, 20]
[20, 20, 20, 20, 5, 20, 20, 20, 20, 4, 20, 20, 20, 0, 3, 20, 20, 20, 2, 1]
[20, 20, 20, 4, 5, 20, 20, 2, 1, 20, 20, 20, 3, 0, 20, 20, 20, 20, 20, 20]
[20, 3, 0, 20, 20, 4, 1, 2, 20, 20, 5, 20, 20, 20, 20, 20, 20, 20, 20, 20]
[20, 20, 20, 20, 5, 20, 20, 20, 20, 4, 20, 20, 20, 3, 2, 20, 20, 20, 1, 0]
[20, 20, 20, 20, 20, 20, 20, 4, 5, 20, 20, 20, 20, 1, 2, 20, 20, 20, 3, 0]
[20, 20, 20, 20, 20, 4, 5, 20, 20, 20, 20, 1, 3, 20, 20, 20, 2, 0, 20, 20]
[20, 20, 20, 20, 20, 20, 20, 3, 2, 20, 20, 4, 1, 0, 20, 20, 5, 20, 20, 20]
[4, 5, 20, 20, 20, 1, 3, 20, 20, 20, 2, 0, 20, 20, 20, 20, 20, 20, 20, 20]
[20, 20, 20, 4, 20, 3, 2, 20, 20, 20, 1, 0, 20, 20, 20, 5, 20, 20, 20, 20]
[20, 4, 5, 20, 20, 20, 20, 1, 3, 20, 20, 20, 2, 0, 20, 20, 20, 20, 20, 20]
[20, 3, 2, 20, 20, 4, 1, 0, 20, 20, 5, 20, 20, 20, 20, 20, 20, 20, 20, 20]
[20, 20, 20, 20, 20, 20, 20, 4, 5, 20, 20, 3, 1, 20, 20, 20, 0, 2, 20, 20]
[20, 20, 20, 20, 20, 20, 20, 20, 20, 20, 5, 0, 3, 20, 20, 4, 1, 2, 20, 20]
[20, 0, 1, 4, 20, 20, 2, 3, 5, 20, 20, 20, 20, 20, 20, 20, 20, 20, 20, 20]
[20, 20, 20, 20, 5, 20, 20, 20, 20, 4, 20, 20, 20, 3, 1, 20, 20, 20, 0, 2]
[20, 20, 20, 20, 5, 20, 20, 20, 20, 4, 20, 20, 20, 0, 3, 20, 20, 20, 1, 2]
[4, 1, 3, 20, 20, 20, 2, 0, 5, 20, 20, 20, 20, 20, 20, 20, 20, 20, 20, 20]
[20, 20, 20, 4, 5, 20, 20, 3, 1, 20, 20, 20, 0, 2, 20, 20, 20, 20, 20, 20]
[20, 4, 5, 20, 20, 3, 1, 20, 20, 20, 0, 2, 20, 20, 20, 20, 20, 20, 20, 20]
[20, 4, 5, 20, 20, 0, 1, 20, 20, 20, 2, 3, 20, 20, 20, 20, 20, 20, 20, 20]
[20, 20, 20, 4, 5, 20, 20, 0, 1, 20, 20, 20, 2, 3, 20, 20, 20, 20, 20, 20]
[20, 0, 3, 20, 20, 4, 1, 2, 20, 20, 5, 20, 20, 20, 20, 20, 20, 20, 20, 20]
[20, 20, 20, 4, 20, 0, 3, 20, 20, 20, 1, 2, 20, 20, 20, 5, 20, 20, 20, 20]
[20, 20, 20, 20, 20, 20, 20, 0, 3, 20, 20, 4, 1, 2, 20, 20, 5, 20, 20, 20]
[20, 20, 20, 20, 20, 20, 20, 20, 20, 20, 5, 2, 3, 20, 20, 4, 1, 0, 20, 20]
[20, 20, 20, 20, 5, 20, 20, 20, 20, 4, 20, 20, 20, 2, 3, 20, 20, 20, 1, 0]
[20, 20, 20, 20, 20, 20, 20, 20, 20, 20, 5, 3, 0, 20, 20, 4, 2, 1, 20, 20]
[20, 20, 20, 20, 5, 20, 20, 20, 20, 4, 20, 20, 20, 3, 0, 20, 20, 20, 2, 1]
[20, 20, 20, 20, 20, 4, 5, 20, 20, 20, 20, 1, 3, 20, 20, 20, 0, 2, 20, 20]
[20, 2, 1, 4, 20, 20, 0, 3, 5, 20, 20, 20, 20, 20, 20, 20, 20, 20, 20, 20]
[20, 20, 20, 2, 1, 20, 20, 5, 0, 3, 20, 20, 20, 20, 4, 20, 20, 20, 20, 20]
[20, 20, 20, 20, 20, 20, 20, 4, 5, 20, 20, 20, 20, 1, 3, 20, 20, 20, 2, 0]
[20, 20, 20, 20, 20, 20, 20, 4, 5, 20, 20, 20, 20, 1, 3, 20, 20, 20, 0, 2]
[20, 4, 5, 20, 20, 2, 1, 20, 20, 20, 0, 3, 20, 20, 20, 20, 20, 20, 20, 20]
