[20, 20, 20, 20, 20, 20, 20, 2, 0, 20, 20, 20, 20, 1, 20, 20, 20, 20, 20, 20]
[20, 1, 0, 20, 20, 20, 2, 20, 20, 20, 20, 20, 20, 20, 20, 20, 20, 20, 20, 20]
[20, 20, 20, 20, 20, 20, 20, 20, 0, 20, 20, 20, 2, 1, 20, 20, 20, 20, 20, 20]
[20, 1, 0, 20, 20, 20, 20, 2, 20, 20, 20, 20, 20, 20, 20, 20, 20, 20, 20, 20]
[20, 20, 20, 20, 20, 20, 20, 1, 2, 20, 20, 20, 20, 0, 20, 20, 20, 20, 20, 20]
[20, 20, 20, 20, 20, 20, 20, 1, 20, 20, 20, 20, 2, 0, 20, 20, 20, 20, 20, 20]
[20, 20, 20, 20, 20, 2, 0, 20, 20, 20, 1, 20, 20, 20, 20, 20, 20, 20, 20, 20]
[20, 20, 20, 20, 20, 20, 20, 0, 2, 20, 20, 20, 1, 20, 20, 20, 20, 20, 20, 20]
[20, 20, 20, 0, 1, 20, 20, 20, 2, 20, 20, 20, 20, 20, 20, 20, 20, 20, 20, 20]
[20, 20, 20, 20, 20, 20, 0, 20, 20, 20, 1, 2, 20, 20, 20, 20, 20, 20, 20, 20]
[20, 20, 20, 20, 20, 20, 20, 0, 20, 20, 20, 20, 1, 2, 20, 20, 20, 20, 20, 20]
[20, 20, 20, 20, 20, 20, 20, 2, 1, 20, 20, 20, 20, 0, 20, 20, 20, 20, 20, 20]
[20, 20, 20, 20, 20, 20, 20, 20, 20, 20, 20, 2, 20, 20, 20, 20, 1, 0, 20, 20]
[20, 20, 20, 20, 20, 20, 20, 20, 20, 20, 20, 20, 2, 20, 20, 20, 1, 0, 20, 20]
[20, 20, 20, 20, 20, 20, 20, 20, 1, 20, 20, 20, 2, 0, 20, 20, 20, 20, 20, 20]
[20, 20, 20, 20, 20, 2, 0, 20, 20, 20, 20, 1, 20, 20, 20, 20, 20, 20, 20, 20]
[20, 20, 20, 20, 20, 20, 20, 0, 2, 20, 20, 20, 20, 1, 20, 20, 20, 20, 20, 20]
[20, 20, 20, 20, 20, 20, 0, 20, 20, 20, 2, 1, 20, 20, 20, 20, 20, 20, 20, 20]
[20, 20, 20, 20, 20, 20, 20, 0, 20, 20, 20, 20, 2, 1, 20, 20, 20, 20, 20, 20]
[20, 20, 20, 20, 20, 1, 2, 20, 20, 20, 20, 0, 20, 20, 20, 20, 20, 20, 20, 20]
[20, 20, 20, 20, 20, 20, 20, 20, 20, 20, 20, 20, 20, 2, 20, 20, 20, 20, 0, 1]
[20, 20, 20, 20, 20, 20, 20, 1, 2, 20, 20, 20, 0, 20, 20, 20, 20, 20, 20, 20]
[20, 20, 20, 20, 20, 20, 20, 20, 20, 20, 20, 20, 20, 20, 2, 20, 20, 20, 0, 1]
[20, 20, 20, 20, 20, 1, 20, 20, 20, 20, 2, 0, 20, 20, 20, 20, 20, 20, 20, 20]
[20, 20, 20, 20, 20, 20, 20, 1, 20, 20, 20, 20, 0, 2, 20, 20, 20, 20, 20, 20]
[20, 20, 20, 2, 0, 20, 20, 20, 1, 20, 20, 20, 20, 20, 20, 20, 20, 20, 20, 20]
[20, 20, 20, 20, 20, 0, 2, 20, 20, 20, 1, 20, 20, 20, 20, 20, 20, 20, 20, 20]
[20, 0, 1, 20, 20, 20, 2, 20, 20, 20, 20, 20, 20, 20, 20, 20, 20, 20, 20, 20]
[20, 20, 20, 20, 0, 20, 20, 20, 1, 2, 20, 20, 20, 20, 20, 20, 20, 20, 20, 20]
[20, 0, 1, 20, 20, 20, 20, 2, 20, 20, 20, 20, 20, 20, 20, 20, 20, 20, 20, 20]
[20, 20, 20, 20, 20, 0, 20, 20, 20, 20, 1, 2, 20, 20, 20, 20, 20, 20, 20, 20]
[20, 20, 20, 20, 20, 2, 1, 20, 20, 20, 20, 0, 20, 20, 20, 20, 20, 20, 20, 20]
[20, 20, 20, 20, 20, 20, 20, 2, 1, 20, 20, 20, 0, 20, 20, 20, 20, 20, 20, 20]
[20, 20, 20, 20, 20, 20, 1, 20, 20, 20, 2, 0, 20, 20, 20, 20, 20, 20, 20, 20]
[20, 20, 20, 20, 20, 20, 20, 20, 1, 20, 20, 20, 0, 2, 20, 20, 20, 20, 20, 20]
[20, 20, 20, 20, 20, 0, 2, 20, 20, 20, 20, 1, 20, 20, 20, 20, 20, 20, 20, 20]
[20, 20, 20, 20, 0, 20, 20, 20, 2, 1, 20, 20, 20, 20, 20, 20, 20, 20, 20, 20]
[20, 20, 20, 20, 20, 0, 20, 20, 20, 20, 2, 1, 20, 20, 20, 20, 20, 20, 20, 20]
[20, 20, 20, 20, 20, 20, 20, 20, 20, 20, 20, 2, 20, 20, 20, 20, 0, 1, 20, 20]
[20, 20, 20, 20, 20, 1, 2, 20, 20, 20, 0, 20, 20, 20, 20, 20, 20, 20, 20, 20]
[20, 20, 20, 20, 20, 20, 20, 20, 20, 20, 20, 20, 2, 20, 20, 20, 0, 1, 20, 20]
[20, 20, 20, 20, 20, 1, 20, 20, 20, 20, 0, 2, 20, 20, 20, 20, 20, 20, 20, 20]
[20, 20, 20, 20, 20, 20, 20, 20, 20, 20, 20, 20, 20, 1, 0, 20, 20, 20, 2, 20]
[20, 20, 20, 20, 20, 20, 20, 20, 20, 20, 20, 20, 20, 1, 0, 20, 20, 20, 20, 2]
[20, 2, 0, 20, 20, 20, 1, 20, 20, 20, 20, 20, 20, 20, 20, 20, 20, 20, 20, 20]
[20, 20, 20, 0, 2, 20, 20, 20, 1, 20, 20, 20, 20, 20, 20, 20, 20, 20, 20, 20]
[20, 20, 0, 20, 20, 20, 1, 2, 20, 20, 20, 20, 20, 20, 20, 20, 20, 20, 20, 20]
[20, 20, 20, 20, 20, 20, 20, 2, 20, 20, 20, 20, 1, 0, 20, 20, 20, 20, 20, 20]
[20, 20, 20, 20, 20, 2, 1, 20, 20, 20, 0, 20, 20, 20, 20, 20, 20, 20, 20, 20]
[20, 20, 20, 20, 20, 20, 20, 20, 2, 20, 20, 20, 1, 0, 20, 20, 20, 20, 20, 20]
[20, 20, 20, 20, 1, 20, 20, 20, 2, 0, 20, 20, 20, 20, 20, 20, 20, 20, 20, 20]
[20, 20, 20, 20, 20, 20, 1, 20, 20, 20, 0, 2, 20, 20, 20, 20, 20, 20, 20, 20]
[20, 2, 0, 20, 20, 20, 20, 1, 20, 20, 20, 20, 20, 20, 20, 20, 20, 20, 20, 20]
[20, 20, 0, 20, 20, 20, 2, 1, 20, 20, 20, 20, 20, 20, 20, 20, 20, 20, 20, 20]
[20, 1, 2, 20, 20, 20, 20, 0, 20, 20, 20, 20, 20, 20, 20, 20, 20, 20, 20, 20]
[20, 20, 20, 1, 2, 20, 20, 20, 0, 20, 20, 20, 20, 20, 20, 20, 20, 20, 20, 20]
[20, 1, 20, 20, 20, 20, 2, 0, 20, 20, 20, 20, 20, 20, 20, 20, 20, 20, 20, 20]
[20, 20, 20, 20, 20, 20, 20, 20, 20, 20, 20, 1, 0, 20, 20, 20, 2, 20, 20, 20]
[20, 20, 20, 20, 20, 20, 20, 20, 20, 20, 20, 1, 0, 20, 20, 20, 20, 2, 20, 20]
[20, 0, 2, 20, 20, 20, 1, 20, 20, 20, 20, 20, 20, 20, 20, 20, 20, 20, 20, 20]
[20, 0, 20, 20, 20, 20, 1, 2, 20, 20, 20, 20, 20, 20, 20, 20, 20, 20, 20, 20]
[20, 2, 1, 20, 20, 20, 20, 0, 20, 20, 20, 20, 20, 20, 20, 20, 20, 20, 20, 20]
[20, 20, 20, 20, 20, 2, 20, 20, 20, 20, 1, 0, 20, 20, 20, 20, 20, 20, 20, 20]
[20, 20, 20, 2, 1, 20, 20, 20, 0, 20, 20, 20, 20, 20, 20, 20, 20, 20, 20, 20]
[20, 20, 20, 20, 20, 20, 2, 20, 20, 20, 1, 0, 20, 20, 20, 20, 20, 20, 20, 20]
[20, 20, 1, 20, 20, 20, 2, 0, 20, 20, 20, 20, 20, 20, 20, 20, 20, 20, 20, 20]
[20, 20, 20, 20, 1, 20, 20, 20, 0, 2, 20, 20, 20, 20, 20, 20, 20, 20, 20, 20]
[20, 20, 20, 20, 20, 20, 20, 20, 20, 20, 20, 20, 20, 0, 1, 20, 20, 20, 2, 20]
[20, 20, 20, 20, 20, 20, 20, 20, 20, 20, 20, 20, 20, 0, 1, 20, 20, 20, 20, 2]
[20, 0, 2, 20, 20, 20, 20, 1, 20, 20, 20, 20, 20, 20, 20, 20, 20, 20, 20, 20]
[20, 0, 20, 20, 20, 20, 2, 1, 20, 20, 20, 20, 20, 20, 20, 20, 20, 20, 20, 20]
[20, 20, 20, 20, 20, 20, 20, 2, 20, 20, 20, 20, 0, 1, 20, 20, 20, 20, 20, 20]
[20, 1, 2, 20, 20, 20, 0, 20, 20, 20, 20, 20, 20, 20, 20, 20, 20, 20, 20, 20]
[20, 20, 20, 20, 20, 20, 20, 20, 2, 20, 20, 20, 0, 1, 20, 20, 20, 20, 20, 20]
[20, 1, 20, 20, 20, 20, 0, 2, 20, 20, 20, 20, 20, 20, 20, 20, 20, 20, 20, 20]
[20, 2, 1, 20, 20, 20, 0, 20, 20, 20, 20, 20, 20, 20, 20, 20, 20, 20, 20, 20]
[20, 20, 20, 20, 2, 20, 20, 20, 1, 0, 20, 20, 20, 20, 20, 20, 20, 20, 20, 20]
[20, 20, 20, 20, 20, 20, 20, 20, 20, 20, 20, 20, 20, 2, 0, 20, 20, 20, 1, 20]
[20, 20, 1, 20, 20, 20, 0, 2, 20, 20, 20, 20, 20, 20, 20, 20, 20, 20, 20, 20]
[20, 20, 20, 20, 20, 20, 20, 20, 20, 20, 20, 0, 1, 20, 20, 20, 2, 20, 20, 20]
[20, 20, 20, 20, 20, 20, 20, 20, 20, 20, 20, 20, 20, 20, 0, 20, 20, 20, 1, 2]
[20, 20, 20, 20, 20, 20, 20, 20, 20, 20, 20, 0, 1, 20, 20, 20, 20, 2, 20, 20]
[20, 20, 20, 20, 20, 2, 20, 20, 20, 20, 0, 1, 20, 20, 20, 20, 20, 20, 20, 20]
[20, 20, 20, 20, 20, 20, 2, 20, 20, 20, 0, 1, 20, 20, 20, 20, 20, 20, 20, 20]
[20, 20, 20, 20, 20, 20, 20, 20, 20, 20, 20, 20, 20, 2, 0, 20, 20, 20, 20, 1]
[20, 20, 20, 20, 20, 20, 20, 1, 0, 20, 20, 20, 2, 20, 20, 20, 20, 20, 20, 20]
[20, 20, 20, 20, 20, 20, 20, 20, 20, 20, 20, 20, 20, 20, 0, 20, 20, 20, 2, 1]
[20, 20, 20, 20, 20, 20, 20, 1, 0, 20, 20, 20, 20, 2, 20, 20, 20, 20, 20, 20]
[20, 20, 20, 20, 20, 20, 20, 20, 20, 20, 20, 20, 20, 1, 2, 20, 20, 20, 20, 0]
[20, 20, 20, 20, 20, 20, 20, 20, 20, 20, 20, 20, 20, 1, 20, 20, 20, 20, 2, 0]
[20, 2, 20, 20, 20, 20, 1, 0, 20, 20, 20, 20, 20, 20, 20, 20, 20, 20, 20, 20]
[20, 20, 2, 20, 20, 20, 1, 0, 20, 20, 20, 20, 20, 20, 20, 20, 20, 20, 20, 20]
[20, 20, 20, 20, 20, 20, 20, 20, 20, 20, 20, 2, 0, 20, 20, 20, 1, 20, 20, 20]
[20, 20, 20, 20, 20, 20, 20, 20, 20, 20, 20, 20, 20, 0, 2, 20, 20, 20, 1, 20]
[20, 20, 20, 20, 20, 20, 20, 20, 20, 20, 20, 20, 0, 20, 20, 20, 1, 2, 20, 20]
[20, 20, 20, 20, 20, 20, 20, 20, 20, 20, 20, 20, 20, 0, 20, 20, 20, 20, 1, 2]
[20, 20, 20, 20, 20, 20, 20, 20, 20, 20, 20, 20, 20, 2, 1, 20, 20, 20, 20, 0]
[20, 20, 20, 20, 20, 20, 20, 20, 20, 20, 20, 20, 20, 20, 1, 20, 20, 20, 2, 0]
[20, 20, 20, 20, 2, 20, 20, 20, 0, 1, 20, 20, 20, 20, 20, 20, 20, 20, 20, 20]
[20, 20, 20, 20, 20, 20, 20, 20, 20, 20, 20, 2, 0, 20, 20, 20, 20, 1, 20, 20]
[20, 20, 20, 20, 20, 20, 20, 20, 20, 20, 20, 20, 20, 0, 2, 20, 20, 20, 20, 1]
[20, 20, 20, 20, 20, 1, 0, 20, 20, 20, 2, 20, 20, 20, 20, 20, 20, 20, 20, 20]
[20, 20, 20, 20, 20, 20, 20, 20, 20, 20, 20, 20, 0, 20, 20, 20, 2, 1, 20, 20]
[20, 20, 20, 20, 20, 1, 0, 20, 20, 20, 20, 2, 20, 20, 20, 20, 20, 20, 20, 20]
[20, 20, 20, 20, 20, 20, 20, 20, 20, 20, 20, 20, 20, 0, 20, 20, 20, 20, 2, 1]
[20, 20, 20, 20, 20, 20, 20, 20, 20, 20, 20, 1, 2, 20, 20, 20, 20, 0, 20, 20]
[20, 20, 20, 20, 20, 20, 20, 20, 20, 20, 20, 20, 20, 1, 2, 20, 20, 20, 0, 20]
[20, 20, 20, 20, 20, 20, 20, 20, 20, 20, 20, 1, 20, 20, 20, 20, 2, 0, 20, 20]
[20, 20, 20, 20, 20, 20, 20, 20, 20, 20, 20, 20, 20, 1, 20, 20, 20, 20, 0, 2]
[20, 20, 20, 20, 20, 20, 20, 20, 20, 20, 20, 0, 2, 20, 20, 20, 1, 20, 20, 20]
[20, 20, 20, 20, 20, 20, 20, 0, 1, 20, 20, 20, 2, 20, 20, 20, 20, 20, 20, 20]
[20, 20, 20, 20, 20, 20, 20, 0, 1, 20, 20, 20, 20, 2, 20, 20, 20, 20, 20, 20]
[20, 20, 20, 20, 20, 20, 20, 20, 20, 20, 20, 0, 20, 20, 20, 20, 1, 2, 20, 20]
[20, 20, 20, 20, 20, 20, 20, 20, 20, 20, 20, 2, 1, 20, 20, 20, 20, 0, 20, 20]
[20, 20, 20, 20, 20, 20, 20, 20, 20, 20, 20, 20, 20, 2, 1, 20, 20, 20, 0, 20]
[20, 20, 20, 20, 20, 20, 20, 20, 20, 20, 20, 20, 1, 20, 20, 20, 2, 0, 20, 20]
[20, 20, 20, 20, 20, 20, 20, 20, 20, 20, 20, 20, 20, 20, 1, 20, 20, 20, 0, 2]
[20, 2, 20, 20, 20, 20, 0, 1, 20, 20, 20, 20, 20, 20, 20, 20, 20, 20, 20, 20]
[20, 20, 2, 20, 20, 20, 0, 1, 20, 20, 20, 20, 20, 20, 20, 20, 20, 20, 20, 20]
[20, 20, 20, 20, 20, 20, 20, 20, 20, 20, 20, 0, 2, 20, 20, 20, 20, 1, 20, 20]
[20, 20, 20, 1, 0, 20, 20, 20, 2, 20, 20, 20, 20, 20, 20, 20, 20, 20, 20, 20]
[20, 20, 20, 20, 20, 20, 20, 20, 20, 20, 20, 0, 20, 20, 20, 20, 2, 1, 20, 20]
[20, 20, 20, 20, 20, 20, 20, 20, 20, 20, 20, 1, 2, 20, 20, 20, 0, 20, 20, 20]
[20, 20, 20, 20, 20, 20, 20, 20, 20, 20, 20, 1, 20, 20, 20, 20, 0, 2, 20, 20]
[20, 20, 20, 20, 20, 20, 20, 2, 0, 20, 20, 20, 1, 20, 20, 20, 20, 20, 20, 20]
[20, 20, 20, 20, 20, 0, 1, 20, 20, 20, 2, 20, 20, 20, 20, 20, 20, 20, 20, 20]
[20, 20, 20, 20, 20, 20, 20, 20, 0, 20, 20, 20, 1, 2, 20, 20, 20, 20, 20, 20]
[20, 20, 20, 20, 20, 0, 1, 20, 20, 20, 20, 2, 20, 20, 20, 20, 20, 20, 20, 20]
[20, 20, 20, 20, 20, 20, 20, 20, 20, 20, 20, 20, 20, 2, 20, 20, 20, 20, 1, 0]
[20, 20, 20, 20, 20, 20, 20, 20, 20, 20, 20, 2, 1, 20, 20, 20, 0, 20, 20, 20]
[20, 20, 20, 20, 20, 20, 20, 20, 20, 20, 20, 20, 20, 20, 2, 20, 20, 20, 1, 0]
[20, 20, 20, 20, 20, 20, 20, 20, 20, 20, 20, 20, 1, 20, 20, 20, 0, 2, 20, 20]
