[20, 20, 20, 20, 3, 20, 20, 20, 20, 2, 20, 20, 20, 1, 4, 20, 20, 20, 0, 5]
[20, 20, 20, 2, 20, 20, 20, 1, 0, 20, 20, 20, 5, 4, 3, 20, 20, 20, 20, 20]
[20, 3, 20, 2, 20, 20, 20, 4, 0, 20, 20, 20, 5, 1, 20, 20, 20, 20, 20, 20]
[20, 20, 20, 20, 20, 3, 20, 20, 20, 20, 20, 4, 0, 20, 20, 2, 5, 1, 20, 20]
[20, 20, 20, 20, 20, 20, 20, 3, 20, 2, 20, 20, 20, 5, 1, 20, 20, 20, 0, 4]
[20, 20, 20, 2, 20, 20, 20, 1, 0, 20, 20, 20, 4, 5, 3, 20, 20, 20, 20, 20]
[3, 2, 20, 20, 20, 5, 1, 20, 20, 20, 0, 4, 20, 20, 20, 20, 20, 20, 20, 20]
[20, 2, 3, 20, 20, 4, 5, 20, 20, 20, 1, 0, 20, 20, 20, 20, 20, 20, 20, 20]
[20, 20, 20, 20, 20, 20, 20, 3, 20, 2, 20, 20, 20, 5, 4, 20, 20, 20, 1, 0]
[20, 2, 3, 20, 20, 1, 4, 20, 20, 20, 0, 5, 20, 20, 20, 20, 20, 20, 20, 20]
[20, 20, 20, 20, 20, 20, 20, 3, 20, 2, 20, 20, 20, 5, 0, 20, 20, 20, 1, 4]
[20, 20, 20, 20, 20, 20, 20, 3, 20, 2, 20, 20, 20, 4, 5, 20, 20, 20, 1, 0]
[20, 2, 3, 20, 20, 5, 4, 20, 20, 20, 1, 0, 20, 20, 20, 20, 20, 20, 20, 20]
[20, 5, 1, 20, 20, 20, 0, 4, 2, 20, 20, 20, 3, 20, 20, 20, 20, 20, 20, 20]
[20, 20, 20, 2, 3, 20, 20, 5, 4, 20, 20, 20, 0, 1, 20, 20, 20, 20, 20, 20]
[20, 20, 20, 2, 3, 20, 20, 0, 4, 20, 20, 20, 1, 5, 20, 20, 20, 20, 20, 20]
[20, 20, 20, 20, 20, 20, 20, 3, 20, 20, 20, 5, 4, 20, 20, 2, 0, 1, 20, 20]
[20, 20, 20, 20, 20, 20, 20, 3, 20, 20, 20, 0, 4, 20, 20, 2, 1, 5, 20, 20]
[20, 20, 20, 2, 3, 20, 20, 0, 5, 20, 20, 20, 4, 1, 20, 20, 20, 20, 20, 20]
[20, 5, 0, 20, 20, 3, 4, 1, 2, 20, 20, 20, 20, 20, 20, 20, 20, 20, 20, 20]
[20, 20, 20, 2, 3, 20, 20, 4, 5, 20, 20, 20, 0, 1, 20, 20, 20, 20, 20, 20]
[20, 4, 0, 20, 20, 20, 1, 5, 2, 20, 20, 20, 3, 20, 20, 20, 20, 20, 20, 20]
[20, 20, 20, 20, 20, 20, 20, 3, 20, 20, 20, 0, 5, 20, 20, 2, 4, 1, 20, 20]
[20, 3, 20, 2, 20, 20, 20, 5, 1, 20, 20, 20, 4, 0, 20, 20, 20, 20, 20, 20]
[20, 20, 20, 20, 20, 20, 20, 20, 20, 20, 3, 1, 0, 20, 20, 2, 4, 5, 20, 20]
[20, 20, 20, 20, 20, 3, 20, 20, 20, 20, 20, 5, 1, 20, 20, 2, 4, 0, 20, 20]
[20, 20, 20, 20, 20, 20, 20, 3, 20, 20, 20, 4, 5, 20, 20, 2, 0, 1, 20, 20]
[3, 2, 20, 20, 20, 4, 0, 20, 20, 20, 1, 5, 20, 20, 20, 20, 20, 20, 20, 20]
[20, 20, 20, 20, 20, 20, 20, 3, 20, 20, 20, 1, 4, 20, 20, 2, 5, 0, 20, 20]
[20, 20, 20, 20, 20, 20, 20, 20, 20, 20, 3, 1, 0, 20, 20, 2, 5, 4, 20, 20]
[20, 20, 20, 2, 3, 20, 20, 1, 4, 20, 20, 20, 5, 0, 20, 20, 20, 20, 20, 20]
[20, 4, 1, 20, 20, 20, 0, 5, 2, 20, 20, 20, 3, 20, 20, 20, 20, 20, 20, 20]
[3, 2, 20, 20, 20, 4, 1, 20, 20, 20, 0, 5, 20, 20, 20, 20, 20, 20, 20, 20]
[20, 4, 1, 20, 20, 3, 5, 0, 2, 20, 20, 20, 20, 20, 20, 20, 20, 20, 20, 20]
[20, 3, 20, 2, 20, 20, 20, 4, 1, 20, 20, 20, 0, 5, 20, 20, 20, 20, 20, 20]
[20, 20, 20, 20, 20, 3, 20, 20, 20, 20, 20, 4, 1, 20, 20, 2, 0, 5, 20, 20]
[20, 20, 20, 20, 20, 20, 20, 3, 20, 2, 20, 20, 20, 4, 1, 20, 20, 20, 0, 5]
[20, 0, 4, 20, 20, 3, 5, 1, 2, 20, 20, 20, 20, 20, 20, 20, 20, 20, 20, 20]
[20, 20, 20, 20, 20, 20, 20, 3, 20, 2, 20, 20, 20, 4, 1, 20, 20, 20, 5, 0]
[20, 5, 4, 3, 20, 20, 1, 0, 2, 20, 20, 20, 20, 20, 20, 20, 20, 20, 20, 20]
[20, 20, 20, 2, 3, 20, 20, 0, 4, 20, 20, 20, 5, 1, 20, 20, 20, 20, 20, 20]
[20, 4, 5, 3, 20, 20, 1, 0, 2, 20, 20, 20, 20, 20, 20, 20, 20, 20, 20, 20]
[20, 1, 4, 20, 20, 20, 0, 5, 2, 20, 20, 20, 3, 20, 20, 20, 20, 20, 20, 20]
[20, 2, 3, 20, 20, 0, 4, 20, 20, 20, 5, 1, 20, 20, 20, 20, 20, 20, 20, 20]
[20, 20, 20, 20, 3, 20, 20, 20, 20, 2, 20, 20, 20, 0, 4, 20, 20, 20, 5, 1]
[3, 2, 20, 20, 20, 4, 1, 20, 20, 20, 5, 0, 20, 20, 20, 20, 20, 20, 20, 20]
[20, 20, 20, 20, 20, 20, 20, 3, 20, 20, 20, 0, 4, 20, 20, 2, 5, 1, 20, 20]
[20, 3, 20, 2, 20, 20, 20, 4, 1, 20, 20, 20, 5, 0, 20, 20, 20, 20, 20, 20]
[20, 4, 0, 20, 20, 3, 5, 1, 2, 20, 20, 20, 20, 20, 20, 20, 20, 20, 20, 20]
[20, 20, 20, 20, 20, 3, 20, 20, 20, 20, 20, 4, 1, 20, 20, 2, 5, 0, 20, 20]
[20, 2, 3, 20, 20, 1, 4, 20, 20, 20, 5, 0, 20, 20, 20, 20, 20, 20, 20, 20]
[3, 2, 20, 20, 20, 4, 0, 20, 20, 20, 5, 1, 20, 20, 20, 20, 20, 20, 20, 20]
[20, 5, 1, 20, 20, 3, 4, 0, 2, 20, 20, 20, 20, 20, 20, 20, 20, 20, 20, 20]
[20, 1, 0, 20, 20, 20, 4, 5, 2, 20, 20, 20, 3, 20, 20, 20, 20, 20, 20, 20]
[20, 2, 20, 20, 20, 1, 0, 20, 20, 20, 5, 4, 3, 20, 20, 20, 20, 20, 20, 20]
[20, 1, 4, 20, 20, 3, 5, 0, 2, 20, 20, 20, 20, 20, 20, 20, 20, 20, 20, 20]
[20, 2, 20, 20, 20, 1, 0, 20, 20, 20, 4, 5, 3, 20, 20, 20, 20, 20, 20, 20]
[20, 1, 0, 20, 20, 20, 5, 4, 2, 20, 20, 20, 3, 20, 20, 20, 20, 20, 20, 20]
[20, 20, 20, 20, 20, 3, 20, 20, 20, 20, 20, 5, 1, 20, 20, 2, 0, 4, 20, 20]
[20, 20, 20, 2, 3, 20, 20, 4, 5, 20, 20, 20, 1, 0, 20, 20, 20, 20, 20, 20]
[20, 20, 20, 20, 20, 20, 20, 3, 20, 20, 20, 5, 4, 20, 20, 2, 1, 0, 20, 20]
[20, 20, 20, 20, 20, 20, 20, 3, 20, 2, 20, 20, 20, 4, 0, 20, 20, 20, 5, 1]
[20, 3, 20, 2, 20, 20, 20, 5, 1, 20, 20, 20, 0, 4, 20, 20, 20, 20, 20, 20]
[20, 20, 20, 2, 3, 20, 20, 1, 4, 20, 20, 20, 0, 5, 20, 20, 20, 20, 20, 20]
[20, 0, 4, 20, 20, 20, 1, 5, 2, 20, 20, 20, 3, 20, 20, 20, 20, 20, 20, 20]
[20, 20, 20, 20, 20, 3, 20, 20, 20, 20, 20, 5, 0, 20, 20, 2, 1, 4, 20, 20]
[20, 20, 20, 20, 20, 20, 20, 3, 20, 20, 20, 4, 5, 20, 20, 2, 1, 0, 20, 20]
[20, 20, 20, 2, 3, 20, 20, 5, 4, 20, 20, 20, 1, 0, 20, 20, 20, 20, 20, 20]
[20, 20, 20, 20, 20, 20, 20, 3, 20, 20, 20, 1, 4, 20, 20, 2, 0, 5, 20, 20]
[20, 3, 20, 2, 20, 20, 20, 5, 0, 20, 20, 20, 1, 4, 20, 20, 20, 20, 20, 20]
[20, 0, 5, 20, 20, 3, 4, 1, 2, 20, 20, 20, 20, 20, 20, 20, 20, 20, 20, 20]
[20, 1, 5, 20, 20, 20, 0, 4, 2, 20, 20, 20, 3, 20, 20, 20, 20, 20, 20, 20]
[20, 2, 3, 20, 20, 0, 4, 20, 20, 20, 1, 5, 20, 20, 20, 20, 20, 20, 20, 20]
[20, 4, 5, 3, 20, 20, 0, 1, 2, 20, 20, 20, 20, 20, 20, 20, 20, 20, 20, 20]
[20, 20, 20, 20, 20, 20, 20, 3, 20, 2, 20, 20, 20, 5, 1, 20, 20, 20, 4, 0]
[20, 20, 20, 20, 20, 20, 20, 3, 20, 2, 20, 20, 20, 5, 4, 20, 20, 20, 0, 1]
[20, 20, 20, 20, 3, 20, 20, 20, 20, 2, 20, 20, 20, 0, 4, 20, 20, 20, 1, 5]
[20, 2, 3, 20, 20, 0, 5, 20, 20, 20, 4, 1, 20, 20, 20, 20, 20, 20, 20, 20]
[20, 2, 3, 20, 20, 4, 5, 20, 20, 20, 0, 1, 20, 20, 20, 20, 20, 20, 20, 20]
[20, 20, 20, 20, 3, 20, 20, 20, 20, 2, 20, 20, 20, 1, 4, 20, 20, 20, 5, 0]
[20, 20, 20, 20, 3, 20, 20, 20, 20, 2, 20, 20, 20, 1, 0, 20, 20, 20, 4, 5]
[20, 20, 20, 20, 3, 20, 20, 20, 20, 2, 20, 20, 20, 0, 5, 20, 20, 20, 4, 1]
[20, 5, 4, 3, 20, 20, 0, 1, 2, 20, 20, 20, 20, 20, 20, 20, 20, 20, 20, 20]
[20, 20, 20, 20, 3, 20, 20, 20, 20, 2, 20, 20, 20, 1, 0, 20, 20, 20, 5, 4]
[20, 20, 20, 20, 20, 20, 20, 3, 20, 2, 20, 20, 20, 4, 5, 20, 20, 20, 0, 1]
[3, 2, 20, 20, 20, 5, 1, 20, 20, 20, 4, 0, 20, 20, 20, 20, 20, 20, 20, 20]
[20, 2, 3, 20, 20, 5, 4, 20, 20, 20, 0, 1, 20, 20, 20, 20, 20, 20, 20, 20]
[20, 20, 20, 20, 20, 20, 20, 3, 20, 2, 20, 20, 20, 5, 0, 20, 20, 20, 4, 1]
[20, 0, 1, 20, 20, 20, 4, 5, 2, 20, 20, 20, 3, 20, 20, 20, 20, 20, 20, 20]
[20, 20, 20, 20, 20, 20, 20, 20, 20, 20, 3, 0, 1, 20, 20, 2, 5, 4, 20, 20]
[20, 20, 20, 20, 3, 20, 20, 20, 20, 2, 20, 20, 20, 0, 1, 20, 20, 20, 5, 4]
[20, 1, 5, 20, 20, 3, 4, 0, 2, 20, 20, 20, 20, 20, 20, 20, 20, 20, 20, 20]
[20, 20, 20, 20, 20, 3, 20, 20, 20, 20, 20, 4, 0, 20, 20, 2, 1, 5, 20, 20]
[20, 2, 3, 20, 20, 1, 5, 20, 20, 20, 4, 0, 20, 20, 20, 20, 20, 20, 20, 20]
[20, 3, 20, 2, 20, 20, 20, 4, 0, 20, 20, 20, 1, 5, 20, 20, 20, 20, 20, 20]
[20, 2, 20, 20, 20, 0, 1, 20, 20, 20, 4, 5, 3, 20, 20, 20, 20, 20, 20, 20]
[20, 20, 20, 2, 20, 20, 20, 0, 1, 20, 20, 20, 4, 5, 3, 20, 20, 20, 20, 20]
[20, 20, 20, 20, 3, 20, 20, 20, 20, 2, 20, 20, 20, 1, 5, 20, 20, 20, 0, 4]
[20, 20, 20, 20, 20, 20, 20, 3, 20, 2, 20, 20, 20, 4, 0, 20, 20, 20, 1, 5]
[20, 0, 5, 20, 20, 20, 1, 4, 2, 20, 20, 20, 3, 20, 20, 20, 20, 20, 20, 20]
[20, 0, 1, 20, 20, 20, 5, 4, 2, 20, 20, 20, 3, 20, 20, 20, 20, 20, 20, 20]
[20, 20, 20, 20, 20, 20, 20, 20, 20, 20, 3, 0, 1, 20, 20, 2, 4, 5, 20, 20]
[20, 20, 20, 20, 3, 20, 20, 20, 20, 2, 20, 20, 20, 0, 1, 20, 20, 20, 4, 5]
[3, 2, 20, 20, 20, 5, 0, 20, 20, 20, 4, 1, 20, 20, 20, 20, 20, 20, 20, 20]
[20, 20, 20, 20, 20, 20, 20, 3, 20, 20, 20, 1, 5, 20, 20, 2, 0, 4, 20, 20]
[20, 3, 20, 2, 20, 20, 20, 5, 0, 20, 20, 20, 4, 1, 20, 20, 20, 20, 20, 20]
[20, 2, 20, 20, 20, 0, 1, 20, 20, 20, 5, 4, 3, 20, 20, 20, 20, 20, 20, 20]
[20, 20, 20, 2, 20, 20, 20, 0, 1, 20, 20, 20, 5, 4, 3, 20, 20, 20, 20, 20]
[20, 20, 20, 2, 3, 20, 20, 1, 5, 20, 20, 20, 0, 4, 20, 20, 20, 20, 20, 20]
[20, 20, 20, 20, 20, 3, 20, 20, 20, 20, 20, 5, 0, 20, 20, 2, 4, 1, 20, 20]
[20, 2, 3, 20, 20, 1, 5, 20, 20, 20, 0, 4, 20, 20, 20, 20, 20, 20, 20, 20]
[3, 2, 20, 20, 20, 5, 0, 20, 20, 20, 1, 4, 20, 20, 20, 20, 20, 20, 20, 20]
[20, 5, 0, 20, 20, 20, 1, 4, 2, 20, 20, 20, 3, 20, 20, 20, 20, 20, 20, 20]
[20, 20, 20, 20, 3, 20, 20, 20, 20, 2, 20, 20, 20, 1, 5, 20, 20, 20, 4, 0]
[20, 2, 3, 20, 20, 0, 5, 20, 20, 20, 1, 4, 20, 20, 20, 20, 20, 20, 20, 20]
[20, 20, 20, 2, 3, 20, 20, 0, 5, 20, 20, 20, 1, 4, 20, 20, 20, 20, 20, 20]
[20, 20, 20, 2, 3, 20, 20, 1, 5, 20, 20, 20, 4, 0, 20, 20, 20, 20, 20, 20]
[20, 20, 20, 20, 20, 20, 20, 3, 20, 20, 20, 1, 5, 20, 20, 2, 4, 0, 20, 20]
[20, 20, 20, 20, 20, 20, 20, 3, 20, 20, 20, 0, 5, 20, 20, 2, 1, 4, 20, 20]
[20, 20, 20, 20, 3, 20, 20, 20, 20, 2, 20, 20, 20, 0, 5, 20, 20, 20, 1, 4]
