[20, 6, 20, 3, 4, 20, 20, 7, 0, 5, 20, 11, 1, 2, 8, 20, 12, 20, 9, 10]
[20, 6, 8, 3, 4, 20, 9, 2, 1, 5, 20, 10, 0, 7, 20, 20, 11, 12, 20, 20]
[20, 6, 8, 3, 4, 20, 9, 2, 1, 5, 20, 20, 7, 0, 10, 20, 20, 20, 11, 12]
[20, 3, 8, 4, 5, 20, 9, 1, 7, 6, 20, 20, 0, 2, 10, 20, 20, 20, 11, 12]
[20, 6, 8, 3, 4, 20, 9, 2, 0, 5, 20, 20, 7, 1, 10, 20, 20, 20, 11, 12]
[20, 6, 8, 3, 4, 20, 9, 0, 1, 5, 20, 10, 2, 7, 20, 20, 11, 12, 20, 20]
[20, 6, 20, 3, 4, 20, 20, 7, 2, 5, 20, 11, 1, 0, 8, 20, 12, 20, 9, 10]
[20, 3, 8, 4, 5, 20, 9, 2, 7, 6, 20, 20, 1, 0, 10, 20, 20, 20, 11, 12]
[20, 6, 8, 3, 4, 20, 9, 1, 0, 5, 20, 10, 2, 7, 20, 20, 11, 12, 20, 20]
[20, 6, 8, 3, 4, 20, 9, 0, 2, 5, 20, 20, 7, 1, 10, 20, 20, 20, 11, 12]
[20, 6, 8, 3, 4, 20, 9, 1, 2, 5, 20, 10, 0, 7, 20, 20, 11, 12, 20, 20]
[20, 3, 8, 4, 5, 20, 9, 1, 7, 6, 20, 20, 2, 0, 10, 20, 20, 20, 11, 12]
[20, 6, 20, 3, 4, 20, 20, 7, 0, 5, 20, 11, 2, 1, 8, 20, 12, 20, 9, 10]
[20, 6, 20, 3, 4, 20, 20, 7, 2, 5, 20, 11, 0, 1, 8, 20, 12, 20, 9, 10]
[20, 6, 8, 3, 4, 20, 9, 0, 1, 5, 20, 20, 7, 2, 10, 20, 20, 20, 11, 12]
[20, 6, 8, 3, 4, 20, 9, 2, 0, 5, 20, 10, 1, 7, 20, 20, 11, 12, 20, 20]
[20, 6, 20, 3, 4, 20, 20, 7, 1, 5, 20, 11, 0, 2, 8, 20, 12, 20, 9, 10]
[20, 6, 8, 3, 4, 20, 9, 1, 0, 5, 20, 20, 7, 2, 10, 20, 20, 20, 11, 12]
[20, 3, 8, 4, 5, 20, 9, 2, 7, 6, 20, 20, 0, 1, 10, 20, 20, 20, 11, 12]
[20, 3, 8, 4, 5, 20, 9, 0, 7, 6, 20, 20, 1, 2, 10, 20, 20, 20, 11, 12]
[20, 3, 8, 4, 5, 20, 9, 0, 7, 6, 20, 20, 2, 1, 10, 20, 20, 20, 11, 12]
[20, 6, 8, 3, 4, 20, 9, 1, 2, 5, 20, 20, 7, 0, 10, 20, 20, 20, 11, 12]
[20, 6, 20, 3, 4, 20, 20, 7, 1, 5, 20, 11, 2, 0, 8, 20, 12, 20, 9, 10]
[20, 6, 8, 3, 4, 20, 9, 0, 2, 5, 20, 10, 1, 7, 20, 20, 11, 12, 20, 20]
