[20, 1, 3, 2, 20, 6, 5, 20, 20, 20, 0, 4, 20, 20, 20, 20, 20, 20, 20, 20]
[20, 2, 20, 20, 20, 20, 20, 1, 20, 20, 20, 6, 5, 20, 20, 3, 4, 0, 20, 20]
[20, 20, 20, 3, 20, 20, 20, 1, 2, 20, 20, 4, 0, 20, 20, 20, 6, 5, 20, 20]
[1, 2, 3, 20, 20, 0, 4, 20, 20, 20, 5, 6, 20, 20, 20, 20, 20, 20, 20, 20]
[3, 20, 20, 20, 20, 2, 20, 1, 20, 20, 20, 0, 5, 20, 20, 20, 4, 6, 20, 20]
[2, 20, 20, 20, 20, 1, 20, 20, 20, 20, 20, 5, 6, 20, 20, 3, 4, 0, 20, 20]
[20, 20, 20, 3, 20, 20, 20, 1, 2, 20, 20, 5, 0, 20, 20, 20, 6, 4, 20, 20]
[20, 3, 20, 20, 20, 20, 20, 2, 20, 1, 20, 20, 20, 0, 5, 20, 20, 20, 6, 4]
[20, 20, 20, 4, 6, 20, 20, 2, 5, 0, 20, 20, 3, 20, 1, 20, 20, 20, 20, 20]
[20, 1, 3, 20, 20, 4, 5, 20, 20, 20, 6, 0, 2, 20, 20, 20, 20, 20, 20, 20]
[20, 20, 20, 3, 2, 20, 20, 20, 20, 1, 20, 20, 20, 6, 4, 20, 20, 20, 5, 0]
[2, 0, 6, 20, 20, 1, 5, 4, 3, 20, 20, 20, 20, 20, 20, 20, 20, 20, 20, 20]
[20, 20, 20, 1, 3, 20, 20, 4, 5, 20, 20, 2, 0, 6, 20, 20, 20, 20, 20, 20]
[20, 3, 20, 20, 20, 20, 20, 2, 20, 20, 20, 4, 0, 20, 20, 1, 5, 6, 20, 20]
[3, 20, 20, 2, 20, 4, 6, 20, 20, 20, 0, 5, 1, 20, 20, 20, 20, 20, 20, 20]
[1, 2, 3, 20, 20, 0, 4, 20, 20, 20, 6, 5, 20, 20, 20, 20, 20, 20, 20, 20]
[20, 20, 2, 0, 6, 20, 20, 1, 5, 4, 20, 20, 20, 20, 3, 20, 20, 20, 20, 20]
[20, 20, 20, 3, 2, 20, 20, 20, 20, 1, 20, 20, 20, 4, 5, 20, 20, 20, 6, 0]
[20, 20, 20, 3, 20, 20, 20, 6, 4, 20, 20, 2, 0, 5, 1, 20, 20, 20, 20, 20]
[20, 5, 4, 3, 20, 1, 0, 6, 20, 20, 2, 20, 20, 20, 20, 20, 20, 20, 20, 20]
[20, 1, 3, 20, 20, 20, 20, 5, 6, 20, 20, 2, 0, 4, 20, 20, 20, 20, 20, 20]
[2, 0, 6, 20, 20, 20, 4, 5, 1, 20, 20, 20, 3, 20, 20, 20, 20, 20, 20, 20]
[20, 20, 20, 1, 3, 20, 20, 4, 5, 20, 20, 20, 6, 0, 2, 20, 20, 20, 20, 20]
[1, 20, 3, 2, 20, 5, 6, 20, 20, 20, 0, 4, 20, 20, 20, 20, 20, 20, 20, 20]
[3, 20, 20, 20, 20, 2, 20, 20, 20, 20, 20, 0, 6, 20, 20, 1, 5, 4, 20, 20]
[20, 20, 20, 3, 20, 20, 20, 1, 2, 20, 20, 5, 0, 20, 20, 20, 4, 6, 20, 20]
[20, 3, 20, 20, 20, 20, 20, 2, 20, 1, 20, 20, 20, 0, 5, 20, 20, 20, 4, 6]
[20, 6, 0, 2, 20, 1, 5, 4, 3, 20, 20, 20, 20, 20, 20, 20, 20, 20, 20, 20]
[20, 3, 20, 20, 20, 6, 4, 20, 20, 20, 5, 0, 1, 20, 20, 20, 2, 20, 20, 20]
[20, 3, 20, 2, 20, 6, 4, 20, 20, 20, 0, 5, 1, 20, 20, 20, 20, 20, 20, 20]
[20, 6, 0, 2, 20, 20, 4, 5, 1, 20, 20, 20, 3, 20, 20, 20, 20, 20, 20, 20]
[20, 20, 20, 3, 2, 20, 20, 20, 20, 1, 20, 20, 20, 6, 5, 20, 20, 20, 4, 0]
[1, 20, 20, 20, 20, 5, 6, 3, 20, 20, 4, 0, 2, 20, 20, 20, 20, 20, 20, 20]
[20, 3, 20, 20, 20, 1, 2, 20, 20, 20, 20, 0, 6, 20, 20, 20, 4, 5, 20, 20]
[20, 3, 20, 20, 20, 20, 20, 4, 6, 20, 20, 2, 0, 5, 1, 20, 20, 20, 20, 20]
[20, 5, 6, 20, 20, 3, 4, 0, 1, 20, 20, 20, 2, 20, 20, 20, 20, 20, 20, 20]
[20, 1, 2, 3, 20, 20, 20, 0, 6, 20, 20, 20, 4, 5, 20, 20, 20, 20, 20, 20]
[20, 20, 20, 20, 20, 3, 20, 20, 20, 20, 2, 4, 6, 20, 20, 1, 0, 5, 20, 20]
[20, 1, 2, 3, 20, 6, 0, 20, 20, 20, 4, 5, 20, 20, 20, 20, 20, 20, 20, 20]
[20, 20, 20, 3, 20, 20, 20, 6, 4, 20, 20, 20, 5, 0, 1, 20, 20, 20, 2, 20]
[20, 20, 20, 1, 2, 20, 20, 6, 0, 3, 20, 20, 5, 4, 20, 20, 20, 20, 20, 20]
[20, 20, 20, 20, 20, 20, 20, 3, 20, 20, 2, 6, 5, 20, 20, 1, 0, 4, 20, 20]
[20, 20, 20, 3, 20, 20, 20, 1, 2, 20, 20, 20, 20, 0, 6, 20, 20, 20, 5, 4]
[20, 4, 6, 20, 20, 3, 5, 0, 1, 20, 20, 20, 2, 20, 20, 20, 20, 20, 20, 20]
[20, 2, 20, 20, 20, 20, 20, 1, 3, 20, 20, 20, 20, 5, 6, 20, 20, 20, 4, 0]
[3, 20, 20, 20, 20, 4, 6, 20, 20, 20, 5, 0, 1, 20, 20, 20, 2, 20, 20, 20]
[20, 20, 20, 20, 20, 20, 20, 3, 20, 20, 2, 6, 4, 20, 20, 1, 5, 0, 20, 20]
[20, 20, 20, 20, 20, 3, 20, 20, 20, 20, 2, 5, 6, 20, 20, 1, 0, 4, 20, 20]
[20, 20, 20, 1, 3, 20, 20, 6, 5, 20, 20, 2, 0, 4, 20, 20, 20, 20, 20, 20]
[20, 3, 20, 20, 20, 20, 20, 2, 20, 20, 20, 6, 0, 20, 20, 1, 5, 4, 20, 20]
[20, 20, 20, 3, 2, 20, 20, 20, 20, 1, 20, 20, 20, 6, 4, 20, 20, 20, 0, 5]
[20, 2, 20, 20, 20, 20, 20, 1, 3, 20, 20, 20, 20, 5, 6, 20, 20, 20, 0, 4]
[20, 3, 20, 20, 20, 20, 20, 4, 6, 20, 20, 20, 5, 0, 1, 20, 20, 20, 2, 20]
[20, 20, 20, 3, 20, 20, 20, 1, 2, 20, 20, 6, 0, 20, 20, 20, 4, 5, 20, 20]
[20, 20, 20, 3, 2, 20, 20, 20, 20, 1, 20, 20, 20, 6, 0, 20, 20, 20, 4, 5]
[20, 20, 20, 3, 2, 20, 20, 20, 20, 1, 20, 20, 20, 6, 5, 20, 20, 20, 0, 4]
[20, 20, 20, 1, 2, 20, 20, 6, 0, 3, 20, 20, 4, 5, 20, 20, 20, 20, 20, 20]
[20, 6, 5, 20, 20, 3, 4, 0, 1, 20, 20, 20, 2, 20, 20, 20, 20, 20, 20, 20]
[20, 1, 3, 20, 20, 6, 5, 20, 20, 20, 4, 0, 2, 20, 20, 20, 20, 20, 20, 20]
[20, 20, 20, 3, 2, 20, 20, 20, 20, 1, 20, 20, 20, 4, 6, 20, 20, 20, 5, 0]
[20, 20, 20, 20, 20, 3, 20, 20, 20, 20, 2, 4, 6, 20, 20, 1, 5, 0, 20, 20]
[20, 20, 20, 3, 2, 20, 20, 20, 20, 1, 20, 20, 20, 4, 6, 20, 20, 20, 0, 5]
[20, 1, 3, 20, 20, 20, 20, 5, 6, 20, 20, 20, 4, 0, 2, 20, 20, 20, 20, 20]
[20, 20, 20, 3, 20, 20, 20, 1, 2, 20, 20, 20, 20, 0, 6, 20, 20, 20, 4, 5]
[20, 2, 20, 20, 20, 20, 20, 1, 20, 3, 20, 20, 20, 5, 4, 20, 20, 20, 0, 6]
[20, 5, 6, 20, 20, 1, 0, 4, 3, 20, 2, 20, 20, 20, 20, 20, 20, 20, 20, 20]
[20, 3, 20, 1, 2, 20, 20, 4, 0, 20, 20, 20, 5, 6, 20, 20, 20, 20, 20, 20]
[20, 6, 4, 20, 20, 2, 0, 5, 1, 20, 20, 20, 3, 20, 20, 20, 20, 20, 20, 20]
[20, 20, 20, 20, 20, 20, 20, 3, 20, 20, 2, 4, 5, 20, 20, 1, 0, 6, 20, 20]
[20, 20, 20, 1, 3, 20, 20, 6, 5, 20, 20, 20, 4, 0, 2, 20, 20, 20, 20, 20]
[1, 3, 20, 2, 20, 5, 4, 20, 20, 20, 0, 6, 20, 20, 20, 20, 20, 20, 20, 20]
[2, 20, 20, 20, 20, 1, 20, 3, 20, 20, 20, 5, 4, 20, 20, 20, 6, 0, 20, 20]
[20, 3, 20, 1, 2, 20, 20, 4, 0, 20, 20, 20, 6, 5, 20, 20, 20, 20, 20, 20]
[20, 4, 5, 3, 20, 20, 6, 0, 1, 20, 20, 20, 2, 20, 20, 20, 20, 20, 20, 20]
[20, 20, 20, 3, 2, 20, 20, 20, 20, 1, 20, 20, 20, 6, 0, 20, 20, 20, 5, 4]
[20, 3, 20, 1, 2, 20, 20, 5, 0, 20, 20, 20, 4, 6, 20, 20, 20, 20, 20, 20]
[20, 2, 20, 1, 3, 20, 20, 0, 5, 20, 20, 20, 4, 6, 20, 20, 20, 20, 20, 20]
[1, 2, 20, 20, 20, 0, 6, 20, 20, 20, 4, 5, 3, 20, 20, 20, 20, 20, 20, 20]
[20, 2, 20, 20, 20, 20, 20, 1, 3, 20, 20, 4, 5, 20, 20, 20, 6, 0, 20, 20]
[20, 20, 20, 20, 20, 20, 20, 3, 20, 20, 2, 6, 4, 20, 20, 1, 0, 5, 20, 20]
[20, 4, 6, 20, 20, 2, 0, 5, 1, 20, 20, 20, 3, 20, 20, 20, 20, 20, 20, 20]
[1, 2, 20, 20, 20, 0, 6, 20, 20, 20, 5, 4, 3, 20, 20, 20, 20, 20, 20, 20]
[2, 0, 4, 20, 20, 20, 6, 5, 1, 20, 20, 20, 3, 20, 20, 20, 20, 20, 20, 20]
[20, 20, 20, 3, 2, 20, 20, 20, 20, 1, 20, 20, 20, 4, 5, 20, 20, 20, 0, 6]
[20, 6, 4, 20, 20, 3, 5, 0, 1, 20, 20, 20, 2, 20, 20, 20, 20, 20, 20, 20]
[20, 20, 20, 3, 2, 20, 20, 20, 20, 1, 20, 20, 20, 5, 0, 20, 20, 20, 4, 6]
[20, 1, 2, 3, 20, 20, 20, 0, 6, 20, 20, 20, 5, 4, 20, 20, 20, 20, 20, 20]
[20, 6, 5, 20, 20, 1, 0, 4, 3, 20, 2, 20, 20, 20, 20, 20, 20, 20, 20, 20]
[20, 1, 2, 3, 20, 6, 0, 20, 20, 20, 5, 4, 20, 20, 20, 20, 20, 20, 20, 20]
[2, 0, 4, 20, 20, 1, 5, 6, 20, 20, 3, 20, 20, 20, 20, 20, 20, 20, 20, 20]
[20, 1, 3, 2, 20, 4, 5, 20, 20, 20, 0, 6, 20, 20, 20, 20, 20, 20, 20, 20]
[2, 1, 3, 20, 20, 0, 5, 20, 20, 20, 4, 6, 20, 20, 20, 20, 20, 20, 20, 20]
[20, 5, 0, 1, 3, 20, 6, 4, 2, 20, 20, 20, 20, 20, 20, 20, 20, 20, 20, 20]
[1, 3, 20, 20, 20, 5, 4, 20, 20, 20, 6, 0, 2, 20, 20, 20, 20, 20, 20, 20]
[20, 3, 20, 20, 20, 1, 2, 20, 20, 20, 20, 0, 4, 20, 20, 20, 6, 5, 20, 20]
[3, 1, 2, 20, 20, 5, 0, 20, 20, 20, 6, 4, 20, 20, 20, 20, 20, 20, 20, 20]
[20, 5, 4, 3, 20, 20, 6, 0, 1, 20, 20, 20, 2, 20, 20, 20, 20, 20, 20, 20]
[20, 1, 2, 3, 20, 20, 20, 0, 4, 20, 20, 20, 6, 5, 20, 20, 20, 20, 20, 20]
[20, 20, 20, 3, 2, 20, 20, 20, 20, 1, 20, 20, 20, 4, 0, 20, 20, 20, 6, 5]
[20, 1, 20, 3, 20, 20, 20, 5, 4, 20, 20, 2, 0, 6, 20, 20, 20, 20, 20, 20]
[3, 20, 20, 20, 20, 2, 20, 20, 20, 20, 20, 0, 4, 20, 20, 1, 5, 6, 20, 20]
[20, 2, 20, 20, 20, 20, 20, 1, 20, 3, 20, 20, 20, 5, 4, 20, 20, 20, 6, 0]
[20, 20, 20, 3, 2, 20, 20, 20, 20, 1, 20, 20, 20, 5, 0, 20, 20, 20, 6, 4]
[2, 0, 5, 1, 20, 20, 6, 4, 3, 20, 20, 20, 20, 20, 20, 20, 20, 20, 20, 20]
[20, 1, 2, 3, 20, 20, 20, 0, 4, 20, 20, 20, 5, 6, 20, 20, 20, 20, 20, 20]
[20, 20, 20, 3, 2, 20, 20, 20, 20, 1, 20, 20, 20, 4, 0, 20, 20, 20, 5, 6]
[20, 3, 20, 4, 5, 20, 20, 2, 6, 0, 20, 20, 20, 20, 1, 20, 20, 20, 20, 20]
[20, 4, 0, 2, 20, 20, 6, 5, 1, 20, 20, 20, 3, 20, 20, 20, 20, 20, 20, 20]
[2, 1, 3, 20, 20, 0, 5, 20, 20, 20, 6, 4, 20, 20, 20, 20, 20, 20, 20, 20]
[20, 5, 0, 1, 3, 20, 4, 6, 2, 20, 20, 20, 20, 20, 20, 20, 20, 20, 20, 20]
[3, 1, 2, 20, 20, 5, 0, 20, 20, 20, 4, 6, 20, 20, 20, 20, 20, 20, 20, 20]
[3, 1, 2, 20, 20, 4, 0, 20, 20, 20, 6, 5, 20, 20, 20, 20, 20, 20, 20, 20]
[20, 20, 1, 0, 5, 20, 20, 20, 6, 4, 2, 20, 20, 20, 3, 20, 20, 20, 20, 20]
[3, 20, 20, 20, 20, 2, 20, 1, 20, 20, 20, 0, 5, 20, 20, 20, 6, 4, 20, 20]
[20, 20, 20, 3, 20, 20, 20, 1, 2, 20, 20, 20, 20, 0, 4, 20, 20, 20, 5, 6]
[20, 4, 0, 2, 20, 1, 5, 6, 20, 20, 3, 20, 20, 20, 20, 20, 20, 20, 20, 20]
[2, 0, 5, 1, 20, 3, 4, 6, 20, 20, 20, 20, 20, 20, 20, 20, 20, 20, 20, 20]
[20, 3, 20, 1, 2, 20, 20, 5, 0, 20, 20, 20, 6, 4, 20, 20, 20, 20, 20, 20]
[20, 4, 5, 3, 20, 1, 0, 6, 20, 20, 2, 20, 20, 20, 20, 20, 20, 20, 20, 20]
[3, 1, 2, 20, 20, 4, 0, 20, 20, 20, 5, 6, 20, 20, 20, 20, 20, 20, 20, 20]
[20, 2, 20, 1, 3, 20, 20, 0, 5, 20, 20, 20, 6, 4, 20, 20, 20, 20, 20, 20]
[20, 20, 20, 20, 20, 20, 20, 3, 20, 20, 2, 5, 4, 20, 20, 1, 0, 6, 20, 20]
[20, 1, 20, 3, 20, 20, 20, 5, 4, 20, 20, 20, 6, 0, 2, 20, 20, 20, 20, 20]
[20, 20, 20, 3, 20, 20, 20, 1, 2, 20, 20, 20, 20, 0, 4, 20, 20, 20, 6, 5]
