[20, 20, 20, 20, 20, 5, 20, 20, 20, 20, 20, 3, 0, 20, 20, 1, 4, 2, 20, 20]
[20, 20, 20, 1, 20, 20, 20, 2, 4, 20, 20, 5, 3, 0, 20, 20, 20, 20, 20, 20]
[20, 1, 20, 5, 20, 20, 20, 0, 3, 20, 20, 20, 2, 4, 20, 20, 20, 20, 20, 20]
[1, 20, 20, 5, 20, 4, 2, 20, 20, 20, 3, 0, 20, 20, 20, 20, 20, 20, 20, 20]
[20, 20, 20, 1, 20, 20, 20, 2, 0, 20, 20, 5, 3, 4, 20, 20, 20, 20, 20, 20]
[20, 20, 20, 20, 20, 20, 20, 5, 20, 1, 20, 20, 20, 3, 4, 20, 20, 20, 2, 0]
[20, 20, 20, 20, 20, 20, 20, 5, 20, 1, 20, 20, 20, 3, 0, 20, 20, 20, 2, 4]
[20, 20, 20, 20, 20, 1, 20, 20, 20, 20, 20, 0, 2, 20, 20, 5, 3, 4, 20, 20]
[20, 20, 20, 20, 5, 20, 20, 20, 20, 1, 20, 20, 20, 4, 0, 20, 20, 20, 2, 3]
[20, 2, 4, 20, 20, 1, 0, 3, 5, 20, 20, 20, 20, 20, 20, 20, 20, 20, 20, 20]
[20, 20, 20, 20, 5, 20, 20, 20, 20, 1, 20, 20, 20, 2, 4, 20, 20, 20, 0, 3]
[5, 20, 20, 20, 20, 3, 2, 20, 20, 20, 4, 0, 1, 20, 20, 20, 20, 20, 20, 20]
[20, 4, 0, 1, 20, 20, 2, 3, 5, 20, 20, 20, 20, 20, 20, 20, 20, 20, 20, 20]
[20, 20, 20, 20, 20, 20, 20, 20, 20, 20, 5, 4, 2, 20, 20, 1, 0, 3, 20, 20]
[5, 1, 20, 20, 20, 3, 4, 20, 20, 20, 0, 2, 20, 20, 20, 20, 20, 20, 20, 20]
[20, 20, 20, 20, 20, 5, 20, 1, 20, 20, 20, 3, 0, 20, 20, 20, 2, 4, 20, 20]
[20, 1, 20, 20, 20, 20, 20, 4, 2, 20, 20, 5, 3, 0, 20, 20, 20, 20, 20, 20]
[20, 20, 20, 20, 20, 20, 20, 20, 20, 20, 5, 0, 2, 20, 20, 1, 4, 3, 20, 20]
[20, 20, 20, 20, 20, 20, 20, 5, 20, 1, 20, 20, 20, 3, 2, 20, 20, 20, 0, 4]
[20, 4, 3, 5, 20, 20, 2, 0, 1, 20, 20, 20, 20, 20, 20, 20, 20, 20, 20, 20]
[20, 5, 20, 20, 20, 2, 3, 20, 20, 20, 0, 4, 1, 20, 20, 20, 20, 20, 20, 20]
[20, 4, 2, 20, 20, 1, 0, 3, 5, 20, 20, 20, 20, 20, 20, 20, 20, 20, 20, 20]
[20, 5, 20, 20, 20, 20, 20, 1, 20, 20, 20, 20, 20, 0, 2, 20, 20, 20, 4, 3]
[20, 5, 20, 20, 20, 20, 20, 3, 2, 20, 20, 20, 4, 0, 1, 20, 20, 20, 20, 20]
[20, 20, 20, 20, 20, 20, 20, 1, 20, 5, 20, 20, 20, 4, 3, 20, 20, 20, 2, 0]
[20, 0, 2, 20, 20, 1, 4, 3, 5, 20, 20, 20, 20, 20, 20, 20, 20, 20, 20, 20]
[20, 5, 20, 20, 20, 20, 20, 1, 20, 20, 20, 4, 0, 20, 20, 20, 2, 3, 20, 20]
[20, 5, 20, 20, 20, 20, 20, 1, 20, 20, 20, 20, 20, 4, 2, 20, 20, 20, 0, 3]
[20, 1, 20, 5, 20, 0, 4, 20, 20, 20, 3, 2, 20, 20, 20, 20, 20, 20, 20, 20]
[20, 20, 20, 20, 20, 5, 20, 20, 20, 20, 20, 3, 2, 20, 20, 1, 0, 4, 20, 20]
[20, 20, 20, 20, 5, 20, 20, 20, 20, 1, 20, 20, 20, 4, 0, 20, 20, 20, 3, 2]
[20, 20, 20, 20, 20, 20, 20, 20, 20, 20, 5, 2, 4, 20, 20, 1, 0, 3, 20, 20]
[20, 20, 20, 5, 20, 20, 20, 2, 3, 20, 20, 20, 4, 0, 1, 20, 20, 20, 20, 20]
[20, 0, 2, 20, 20, 5, 3, 4, 1, 20, 20, 20, 20, 20, 20, 20, 20, 20, 20, 20]
[20, 2, 3, 5, 20, 20, 4, 0, 1, 20, 20, 20, 20, 20, 20, 20, 20, 20, 20, 20]
[20, 20, 20, 20, 20, 1, 20, 5, 20, 20, 20, 0, 3, 20, 20, 20, 2, 4, 20, 20]
[20, 1, 20, 20, 20, 2, 0, 20, 20, 20, 4, 3, 5, 20, 20, 20, 20, 20, 20, 20]
[20, 5, 20, 20, 20, 20, 20, 3, 2, 20, 20, 20, 0, 4, 1, 20, 20, 20, 20, 20]
[20, 20, 20, 20, 20, 5, 20, 1, 20, 20, 20, 3, 4, 20, 20, 20, 2, 0, 20, 20]
[20, 1, 20, 5, 20, 2, 0, 20, 20, 20, 3, 4, 20, 20, 20, 20, 20, 20, 20, 20]
[20, 2, 3, 5, 20, 20, 0, 4, 1, 20, 20, 20, 20, 20, 20, 20, 20, 20, 20, 20]
[20, 1, 20, 5, 20, 20, 20, 0, 3, 20, 20, 20, 4, 2, 20, 20, 20, 20, 20, 20]
[20, 5, 20, 20, 20, 20, 20, 1, 20, 20, 20, 20, 20, 4, 2, 20, 20, 20, 3, 0]
[20, 20, 20, 20, 5, 20, 20, 20, 20, 1, 20, 20, 20, 0, 4, 20, 20, 20, 3, 2]
[20, 20, 20, 20, 20, 20, 20, 5, 20, 20, 20, 2, 3, 20, 20, 1, 0, 4, 20, 20]
[1, 20, 20, 20, 20, 0, 2, 20, 20, 20, 4, 3, 5, 20, 20, 20, 20, 20, 20, 20]
[20, 20, 20, 20, 20, 20, 20, 5, 20, 1, 20, 20, 20, 3, 0, 20, 20, 20, 4, 2]
[20, 20, 20, 20, 20, 20, 20, 5, 20, 20, 20, 2, 3, 20, 20, 1, 4, 0, 20, 20]
[20, 1, 20, 20, 20, 20, 20, 4, 2, 20, 20, 20, 0, 3, 5, 20, 20, 20, 20, 20]
[5, 3, 4, 20, 20, 1, 0, 2, 20, 20, 20, 20, 20, 20, 20, 20, 20, 20, 20, 20]
[1, 5, 20, 20, 20, 4, 3, 20, 20, 20, 0, 2, 20, 20, 20, 20, 20, 20, 20, 20]
[1, 5, 20, 20, 20, 4, 3, 20, 20, 20, 2, 0, 20, 20, 20, 20, 20, 20, 20, 20]
[5, 3, 4, 20, 20, 20, 2, 0, 1, 20, 20, 20, 20, 20, 20, 20, 20, 20, 20, 20]
[20, 20, 20, 1, 20, 20, 20, 0, 4, 20, 20, 20, 2, 3, 5, 20, 20, 20, 20, 20]
[5, 20, 20, 20, 20, 3, 2, 20, 20, 20, 0, 4, 1, 20, 20, 20, 20, 20, 20, 20]
[20, 20, 20, 20, 5, 20, 20, 20, 20, 1, 20, 20, 20, 2, 0, 20, 20, 20, 3, 4]
[20, 20, 20, 20, 5, 20, 20, 20, 20, 1, 20, 20, 20, 2, 4, 20, 20, 20, 3, 0]
[20, 20, 20, 20, 20, 20, 20, 5, 20, 1, 20, 20, 20, 3, 2, 20, 20, 20, 4, 0]
[20, 2, 4, 20, 20, 5, 3, 0, 1, 20, 20, 20, 20, 20, 20, 20, 20, 20, 20, 20]
[20, 20, 20, 20, 20, 1, 20, 20, 20, 20, 20, 4, 2, 20, 20, 5, 3, 0, 20, 20]
[20, 2, 0, 20, 20, 5, 3, 4, 1, 20, 20, 20, 20, 20, 20, 20, 20, 20, 20, 20]
[20, 0, 3, 5, 20, 20, 2, 4, 1, 20, 20, 20, 20, 20, 20, 20, 20, 20, 20, 20]
[20, 20, 20, 1, 20, 20, 20, 2, 4, 20, 20, 20, 0, 3, 5, 20, 20, 20, 20, 20]
[5, 1, 20, 20, 20, 3, 0, 20, 20, 20, 2, 4, 20, 20, 20, 20, 20, 20, 20, 20]
[20, 20, 20, 20, 20, 5, 20, 20, 20, 20, 20, 3, 4, 20, 20, 1, 0, 2, 20, 20]
[1, 20, 20, 5, 20, 0, 2, 20, 20, 20, 3, 4, 20, 20, 20, 20, 20, 20, 20, 20]
[20, 20, 20, 1, 20, 20, 20, 4, 0, 20, 20, 20, 2, 3, 5, 20, 20, 20, 20, 20]
[20, 20, 20, 20, 20, 20, 20, 1, 20, 5, 20, 20, 20, 0, 3, 20, 20, 20, 2, 4]
[20, 20, 20, 1, 20, 20, 20, 0, 4, 20, 20, 5, 3, 2, 20, 20, 20, 20, 20, 20]
[20, 20, 20, 20, 20, 5, 20, 20, 20, 20, 20, 3, 2, 20, 20, 1, 4, 0, 20, 20]
[20, 4, 3, 5, 20, 1, 0, 2, 20, 20, 20, 20, 20, 20, 20, 20, 20, 20, 20, 20]
[5, 1, 20, 20, 20, 3, 4, 20, 20, 20, 2, 0, 20, 20, 20, 20, 20, 20, 20, 20]
[20, 1, 20, 5, 20, 4, 0, 20, 20, 20, 3, 2, 20, 20, 20, 20, 20, 20, 20, 20]
[20, 5, 20, 20, 20, 20, 20, 1, 20, 20, 20, 0, 4, 20, 20, 20, 2, 3, 20, 20]
[20, 20, 20, 20, 20, 20, 20, 1, 20, 20, 20, 2, 0, 20, 20, 5, 3, 4, 20, 20]
[20, 20, 20, 5, 20, 20, 20, 2, 3, 20, 20, 20, 0, 4, 1, 20, 20, 20, 20, 20]
[20, 20, 20, 20, 20, 20, 20, 5, 20, 20, 20, 4, 3, 20, 20, 1, 0, 2, 20, 20]
[20, 5, 20, 20, 20, 2, 3, 20, 20, 20, 4, 0, 1, 20, 20, 20, 20, 20, 20, 20]
[20, 20, 20, 20, 20, 20, 20, 1, 20, 20, 20, 2, 4, 20, 20, 5, 3, 0, 20, 20]
[20, 20, 20, 20, 20, 20, 20, 5, 20, 20, 20, 0, 3, 20, 20, 1, 4, 2, 20, 20]
[20, 0, 3, 5, 20, 1, 4, 2, 20, 20, 20, 20, 20, 20, 20, 20, 20, 20, 20, 20]
[20, 20, 20, 20, 20, 1, 20, 5, 20, 20, 20, 4, 3, 20, 20, 20, 2, 0, 20, 20]
[20, 20, 20, 20, 5, 20, 20, 20, 20, 1, 20, 20, 20, 2, 0, 20, 20, 20, 4, 3]
[20, 5, 20, 1, 20, 20, 20, 3, 0, 20, 20, 20, 2, 4, 20, 20, 20, 20, 20, 20]
[20, 20, 20, 20, 5, 20, 20, 20, 20, 1, 20, 20, 20, 0, 4, 20, 20, 20, 2, 3]
[20, 20, 20, 20, 20, 20, 20, 1, 20, 5, 20, 20, 20, 4, 3, 20, 20, 20, 0, 2]
[20, 5, 20, 1, 20, 20, 20, 3, 4, 20, 20, 20, 2, 0, 20, 20, 20, 20, 20, 20]
[5, 1, 20, 20, 20, 3, 0, 20, 20, 20, 4, 2, 20, 20, 20, 20, 20, 20, 20, 20]
[20, 5, 20, 1, 20, 20, 20, 3, 4, 20, 20, 20, 0, 2, 20, 20, 20, 20, 20, 20]
[20, 0, 4, 1, 20, 20, 2, 3, 5, 20, 20, 20, 20, 20, 20, 20, 20, 20, 20, 20]
[20, 20, 20, 20, 20, 20, 20, 1, 20, 5, 20, 20, 20, 0, 3, 20, 20, 20, 4, 2]
[20, 2, 0, 20, 20, 1, 4, 3, 5, 20, 20, 20, 20, 20, 20, 20, 20, 20, 20, 20]
[20, 1, 20, 20, 20, 20, 20, 0, 2, 20, 20, 5, 3, 4, 20, 20, 20, 20, 20, 20]
[20, 20, 20, 1, 20, 20, 20, 4, 0, 20, 20, 5, 3, 2, 20, 20, 20, 20, 20, 20]
[20, 5, 20, 20, 20, 20, 20, 1, 20, 20, 20, 20, 20, 0, 2, 20, 20, 20, 3, 4]
[20, 20, 20, 20, 20, 20, 20, 5, 20, 1, 20, 20, 20, 3, 4, 20, 20, 20, 0, 2]
[20, 4, 0, 1, 20, 5, 3, 2, 20, 20, 20, 20, 20, 20, 20, 20, 20, 20, 20, 20]
[20, 1, 20, 20, 20, 2, 4, 20, 20, 20, 0, 3, 5, 20, 20, 20, 20, 20, 20, 20]
[5, 3, 2, 20, 20, 20, 0, 4, 1, 20, 20, 20, 20, 20, 20, 20, 20, 20, 20, 20]
[20, 5, 20, 1, 20, 20, 20, 3, 0, 20, 20, 20, 4, 2, 20, 20, 20, 20, 20, 20]
[1, 5, 20, 20, 20, 0, 3, 20, 20, 20, 2, 4, 20, 20, 20, 20, 20, 20, 20, 20]
[5, 3, 0, 20, 20, 1, 4, 2, 20, 20, 20, 20, 20, 20, 20, 20, 20, 20, 20, 20]
[20, 20, 20, 20, 5, 20, 20, 20, 20, 1, 20, 20, 20, 2, 3, 20, 20, 20, 4, 0]
[20, 20, 20, 20, 20, 20, 20, 20, 20, 20, 5, 2, 0, 20, 20, 1, 4, 3, 20, 20]
[20, 1, 20, 5, 20, 20, 20, 4, 3, 20, 20, 20, 2, 0, 20, 20, 20, 20, 20, 20]
[20, 1, 20, 5, 20, 2, 4, 20, 20, 20, 3, 0, 20, 20, 20, 20, 20, 20, 20, 20]
[20, 1, 20, 5, 20, 20, 20, 4, 3, 20, 20, 20, 0, 2, 20, 20, 20, 20, 20, 20]
[20, 4, 2, 20, 20, 5, 3, 0, 1, 20, 20, 20, 20, 20, 20, 20, 20, 20, 20, 20]
[20, 0, 4, 1, 20, 5, 3, 2, 20, 20, 20, 20, 20, 20, 20, 20, 20, 20, 20, 20]
[20, 1, 20, 20, 20, 0, 4, 20, 20, 20, 2, 3, 5, 20, 20, 20, 20, 20, 20, 20]
[20, 20, 20, 20, 20, 20, 20, 1, 20, 20, 20, 4, 0, 20, 20, 5, 3, 2, 20, 20]
[1, 20, 20, 20, 20, 4, 2, 20, 20, 20, 0, 3, 5, 20, 20, 20, 20, 20, 20, 20]
[20, 20, 20, 20, 20, 20, 20, 1, 20, 20, 20, 0, 4, 20, 20, 5, 3, 2, 20, 20]
[20, 1, 20, 20, 20, 4, 0, 20, 20, 20, 2, 3, 5, 20, 20, 20, 20, 20, 20, 20]
[1, 5, 20, 20, 20, 0, 3, 20, 20, 20, 4, 2, 20, 20, 20, 20, 20, 20, 20, 20]
[20, 20, 20, 20, 5, 20, 20, 20, 20, 1, 20, 20, 20, 2, 3, 20, 20, 20, 0, 4]
[20, 20, 20, 1, 20, 20, 20, 2, 0, 20, 20, 20, 4, 3, 5, 20, 20, 20, 20, 20]
[5, 3, 0, 20, 20, 20, 2, 4, 1, 20, 20, 20, 20, 20, 20, 20, 20, 20, 20, 20]
[5, 3, 2, 20, 20, 20, 4, 0, 1, 20, 20, 20, 20, 20, 20, 20, 20, 20, 20, 20]
[20, 1, 20, 20, 20, 20, 20, 0, 2, 20, 20, 20, 4, 3, 5, 20, 20, 20, 20, 20]
