[20, 20, 20, 20, 20, 20, 20, 20, 20, 1, 20, 20, 20, 0, 2, 20, 20, 20, 3, 4]
[20, 1, 20, 20, 20, 3, 2, 20, 20, 20, 0, 4, 20, 20, 20, 20, 20, 20, 20, 20]
[20, 20, 20, 20, 20, 20, 20, 20, 20, 20, 20, 3, 2, 20, 20, 1, 0, 4, 20, 20]
[20, 1, 20, 20, 20, 4, 2, 20, 20, 20, 3, 0, 20, 20, 20, 20, 20, 20, 20, 20]
[20, 20, 20, 20, 20, 20, 20, 20, 20, 20, 20, 4, 2, 20, 20, 1, 3, 0, 20, 20]
[20, 1, 20, 20, 20, 4, 0, 20, 20, 20, 2, 3, 20, 20, 20, 20, 20, 20, 20, 20]
[20, 20, 20, 1, 20, 20, 20, 0, 2, 20, 20, 20, 3, 4, 20, 20, 20, 20, 20, 20]
[20, 20, 20, 20, 20, 20, 20, 20, 20, 20, 20, 0, 4, 20, 20, 1, 3, 2, 20, 20]
[20, 2, 0, 20, 20, 20, 4, 3, 1, 20, 20, 20, 20, 20, 20, 20, 20, 20, 20, 20]
[20, 1, 20, 20, 20, 0, 4, 20, 20, 20, 3, 2, 20, 20, 20, 20, 20, 20, 20, 20]
[20, 20, 20, 20, 20, 20, 20, 20, 20, 20, 20, 0, 3, 20, 20, 1, 2, 4, 20, 20]
[20, 3, 0, 20, 20, 20, 2, 4, 1, 20, 20, 20, 20, 20, 20, 20, 20, 20, 20, 20]
[20, 20, 20, 1, 20, 20, 20, 3, 0, 20, 20, 20, 2, 4, 20, 20, 20, 20, 20, 20]
[20, 20, 20, 20, 20, 20, 20, 20, 20, 20, 20, 2, 3, 20, 20, 1, 4, 0, 20, 20]
[20, 0, 2, 20, 20, 20, 3, 4, 1, 20, 20, 20, 20, 20, 20, 20, 20, 20, 20, 20]
[20, 20, 20, 20, 20, 20, 20, 20, 20, 1, 20, 20, 20, 3, 2, 20, 20, 20, 4, 0]
[20, 20, 20, 20, 20, 20, 20, 20, 20, 1, 20, 20, 20, 4, 0, 20, 20, 20, 3, 2]
[20, 20, 20, 1, 20, 20, 20, 2, 0, 20, 20, 20, 4, 3, 20, 20, 20, 20, 20, 20]
[20, 20, 20, 20, 20, 20, 20, 20, 20, 20, 20, 4, 0, 20, 20, 1, 2, 3, 20, 20]
[20, 2, 0, 20, 20, 20, 3, 4, 1, 20, 20, 20, 20, 20, 20, 20, 20, 20, 20, 20]
[20, 20, 20, 1, 20, 20, 20, 4, 0, 20, 20, 20, 3, 2, 20, 20, 20, 20, 20, 20]
[20, 20, 20, 20, 20, 20, 20, 20, 20, 20, 20, 2, 4, 20, 20, 1, 3, 0, 20, 20]
[20, 20, 20, 1, 20, 20, 20, 0, 3, 20, 20, 20, 4, 2, 20, 20, 20, 20, 20, 20]
[20, 1, 20, 20, 20, 2, 3, 20, 20, 20, 4, 0, 20, 20, 20, 20, 20, 20, 20, 20]
[20, 20, 20, 20, 20, 20, 20, 20, 20, 20, 20, 0, 3, 20, 20, 1, 4, 2, 20, 20]
[20, 20, 20, 1, 20, 20, 20, 2, 4, 20, 20, 20, 0, 3, 20, 20, 20, 20, 20, 20]
[20, 3, 2, 20, 20, 20, 4, 0, 1, 20, 20, 20, 20, 20, 20, 20, 20, 20, 20, 20]
[20, 20, 20, 1, 20, 20, 20, 0, 2, 20, 20, 20, 4, 3, 20, 20, 20, 20, 20, 20]
[20, 3, 0, 20, 20, 20, 4, 2, 1, 20, 20, 20, 20, 20, 20, 20, 20, 20, 20, 20]
[20, 1, 20, 20, 20, 0, 2, 20, 20, 20, 4, 3, 20, 20, 20, 20, 20, 20, 20, 20]
[20, 20, 20, 20, 20, 20, 20, 20, 20, 1, 20, 20, 20, 4, 0, 20, 20, 20, 2, 3]
[20, 3, 4, 20, 20, 20, 0, 2, 1, 20, 20, 20, 20, 20, 20, 20, 20, 20, 20, 20]
[20, 20, 20, 20, 20, 20, 20, 20, 20, 1, 20, 20, 20, 2, 3, 20, 20, 20, 4, 0]
[20, 20, 20, 1, 20, 20, 20, 4, 3, 20, 20, 20, 0, 2, 20, 20, 20, 20, 20, 20]
[20, 20, 20, 20, 20, 20, 20, 20, 20, 20, 20, 3, 4, 20, 20, 1, 2, 0, 20, 20]
[20, 20, 20, 20, 20, 20, 20, 20, 20, 20, 20, 4, 0, 20, 20, 1, 3, 2, 20, 20]
[20, 4, 2, 20, 20, 20, 0, 3, 1, 20, 20, 20, 20, 20, 20, 20, 20, 20, 20, 20]
[20, 20, 20, 1, 20, 20, 20, 4, 2, 20, 20, 20, 0, 3, 20, 20, 20, 20, 20, 20]
[20, 20, 20, 20, 20, 20, 20, 20, 20, 1, 20, 20, 20, 3, 2, 20, 20, 20, 0, 4]
[20, 20, 20, 20, 20, 20, 20, 20, 20, 20, 20, 2, 3, 20, 20, 1, 0, 4, 20, 20]
[20, 20, 20, 20, 20, 20, 20, 20, 20, 1, 20, 20, 20, 4, 2, 20, 20, 20, 3, 0]
[20, 20, 20, 1, 20, 20, 20, 3, 4, 20, 20, 20, 0, 2, 20, 20, 20, 20, 20, 20]
[20, 4, 3, 20, 20, 20, 0, 2, 1, 20, 20, 20, 20, 20, 20, 20, 20, 20, 20, 20]
[20, 1, 20, 20, 20, 3, 2, 20, 20, 20, 4, 0, 20, 20, 20, 20, 20, 20, 20, 20]
[20, 1, 20, 20, 20, 4, 0, 20, 20, 20, 3, 2, 20, 20, 20, 20, 20, 20, 20, 20]
[20, 20, 20, 20, 20, 20, 20, 20, 20, 20, 20, 0, 2, 20, 20, 1, 4, 3, 20, 20]
[20, 0, 3, 20, 20, 20, 2, 4, 1, 20, 20, 20, 20, 20, 20, 20, 20, 20, 20, 20]
[20, 1, 20, 20, 20, 0, 3, 20, 20, 20, 4, 2, 20, 20, 20, 20, 20, 20, 20, 20]
[20, 20, 20, 1, 20, 20, 20, 4, 3, 20, 20, 20, 2, 0, 20, 20, 20, 20, 20, 20]
[20, 20, 20, 20, 20, 20, 20, 20, 20, 20, 20, 3, 4, 20, 20, 1, 0, 2, 20, 20]
[20, 4, 0, 20, 20, 20, 3, 2, 1, 20, 20, 20, 20, 20, 20, 20, 20, 20, 20, 20]
[20, 20, 20, 1, 20, 20, 20, 2, 0, 20, 20, 20, 3, 4, 20, 20, 20, 20, 20, 20]
[20, 20, 20, 20, 20, 20, 20, 20, 20, 20, 20, 3, 0, 20, 20, 1, 2, 4, 20, 20]
[20, 0, 2, 20, 20, 20, 4, 3, 1, 20, 20, 20, 20, 20, 20, 20, 20, 20, 20, 20]
[20, 2, 4, 20, 20, 20, 0, 3, 1, 20, 20, 20, 20, 20, 20, 20, 20, 20, 20, 20]
[20, 20, 20, 20, 20, 20, 20, 20, 20, 20, 20, 0, 2, 20, 20, 1, 3, 4, 20, 20]
[20, 20, 20, 1, 20, 20, 20, 3, 4, 20, 20, 20, 2, 0, 20, 20, 20, 20, 20, 20]
[20, 20, 20, 20, 20, 20, 20, 20, 20, 1, 20, 20, 20, 0, 4, 20, 20, 20, 2, 3]
[20, 20, 20, 1, 20, 20, 20, 3, 0, 20, 20, 20, 4, 2, 20, 20, 20, 20, 20, 20]
[20, 20, 20, 20, 20, 20, 20, 20, 20, 20, 20, 4, 2, 20, 20, 1, 0, 3, 20, 20]
[20, 20, 20, 20, 20, 20, 20, 20, 20, 20, 20, 4, 3, 20, 20, 1, 2, 0, 20, 20]
[20, 0, 3, 20, 20, 20, 4, 2, 1, 20, 20, 20, 20, 20, 20, 20, 20, 20, 20, 20]
[20, 1, 20, 20, 20, 0, 3, 20, 20, 20, 2, 4, 20, 20, 20, 20, 20, 20, 20, 20]
[20, 20, 20, 20, 20, 20, 20, 20, 20, 20, 20, 2, 0, 20, 20, 1, 4, 3, 20, 20]
[20, 20, 20, 20, 20, 20, 20, 20, 20, 1, 20, 20, 20, 2, 3, 20, 20, 20, 0, 4]
[20, 1, 20, 20, 20, 3, 0, 20, 20, 20, 4, 2, 20, 20, 20, 20, 20, 20, 20, 20]
[20, 2, 4, 20, 20, 20, 3, 0, 1, 20, 20, 20, 20, 20, 20, 20, 20, 20, 20, 20]
[20, 20, 20, 20, 20, 20, 20, 20, 20, 20, 20, 3, 0, 20, 20, 1, 4, 2, 20, 20]
[20, 20, 20, 1, 20, 20, 20, 2, 4, 20, 20, 20, 3, 0, 20, 20, 20, 20, 20, 20]
[20, 20, 20, 1, 20, 20, 20, 2, 3, 20, 20, 20, 0, 4, 20, 20, 20, 20, 20, 20]
[20, 20, 20, 20, 20, 20, 20, 20, 20, 20, 20, 2, 0, 20, 20, 1, 3, 4, 20, 20]
[20, 1, 20, 20, 20, 2, 4, 20, 20, 20, 0, 3, 20, 20, 20, 20, 20, 20, 20, 20]
[20, 20, 20, 20, 20, 20, 20, 20, 20, 20, 20, 4, 3, 20, 20, 1, 0, 2, 20, 20]
[20, 20, 20, 20, 20, 20, 20, 20, 20, 20, 20, 2, 4, 20, 20, 1, 0, 3, 20, 20]
[20, 2, 3, 20, 20, 20, 0, 4, 1, 20, 20, 20, 20, 20, 20, 20, 20, 20, 20, 20]
[20, 1, 20, 20, 20, 2, 0, 20, 20, 20, 3, 4, 20, 20, 20, 20, 20, 20, 20, 20]
[20, 20, 20, 20, 20, 20, 20, 20, 20, 1, 20, 20, 20, 3, 4, 20, 20, 20, 2, 0]
[20, 20, 20, 20, 20, 20, 20, 20, 20, 1, 20, 20, 20, 0, 4, 20, 20, 20, 3, 2]
[20, 4, 3, 20, 20, 20, 2, 0, 1, 20, 20, 20, 20, 20, 20, 20, 20, 20, 20, 20]
[20, 1, 20, 20, 20, 3, 4, 20, 20, 20, 0, 2, 20, 20, 20, 20, 20, 20, 20, 20]
[20, 1, 20, 20, 20, 3, 0, 20, 20, 20, 2, 4, 20, 20, 20, 20, 20, 20, 20, 20]
[20, 20, 20, 1, 20, 20, 20, 4, 2, 20, 20, 20, 3, 0, 20, 20, 20, 20, 20, 20]
[20, 1, 20, 20, 20, 2, 0, 20, 20, 20, 4, 3, 20, 20, 20, 20, 20, 20, 20, 20]
[20, 1, 20, 20, 20, 4, 2, 20, 20, 20, 0, 3, 20, 20, 20, 20, 20, 20, 20, 20]
[20, 4, 0, 20, 20, 20, 2, 3, 1, 20, 20, 20, 20, 20, 20, 20, 20, 20, 20, 20]
[20, 1, 20, 20, 20, 0, 2, 20, 20, 20, 3, 4, 20, 20, 20, 20, 20, 20, 20, 20]
[20, 3, 4, 20, 20, 20, 2, 0, 1, 20, 20, 20, 20, 20, 20, 20, 20, 20, 20, 20]
[20, 1, 20, 20, 20, 4, 3, 20, 20, 20, 0, 2, 20, 20, 20, 20, 20, 20, 20, 20]
[20, 20, 20, 1, 20, 20, 20, 0, 4, 20, 20, 20, 2, 3, 20, 20, 20, 20, 20, 20]
[20, 20, 20, 20, 20, 20, 20, 20, 20, 1, 20, 20, 20, 2, 4, 20, 20, 20, 3, 0]
[20, 0, 4, 20, 20, 20, 3, 2, 1, 20, 20, 20, 20, 20, 20, 20, 20, 20, 20, 20]
[20, 20, 20, 1, 20, 20, 20, 3, 2, 20, 20, 20, 0, 4, 20, 20, 20, 20, 20, 20]
[20, 20, 20, 20, 20, 20, 20, 20, 20, 1, 20, 20, 20, 0, 3, 20, 20, 20, 2, 4]
[20, 2, 3, 20, 20, 20, 4, 0, 1, 20, 20, 20, 20, 20, 20, 20, 20, 20, 20, 20]
[20, 20, 20, 1, 20, 20, 20, 2, 3, 20, 20, 20, 4, 0, 20, 20, 20, 20, 20, 20]
[20, 1, 20, 20, 20, 0, 4, 20, 20, 20, 2, 3, 20, 20, 20, 20, 20, 20, 20, 20]
[20, 20, 20, 20, 20, 20, 20, 20, 20, 1, 20, 20, 20, 4, 3, 20, 20, 20, 0, 2]
[20, 20, 20, 1, 20, 20, 20, 0, 3, 20, 20, 20, 2, 4, 20, 20, 20, 20, 20, 20]
[20, 1, 20, 20, 20, 4, 3, 20, 20, 20, 2, 0, 20, 20, 20, 20, 20, 20, 20, 20]
[20, 20, 20, 20, 20, 20, 20, 20, 20, 20, 20, 3, 2, 20, 20, 1, 4, 0, 20, 20]
[20, 20, 20, 20, 20, 20, 20, 20, 20, 1, 20, 20, 20, 2, 4, 20, 20, 20, 0, 3]
[20, 20, 20, 20, 20, 20, 20, 20, 20, 1, 20, 20, 20, 3, 0, 20, 20, 20, 4, 2]
[20, 1, 20, 20, 20, 3, 4, 20, 20, 20, 2, 0, 20, 20, 20, 20, 20, 20, 20, 20]
[20, 20, 20, 20, 20, 20, 20, 20, 20, 20, 20, 0, 4, 20, 20, 1, 2, 3, 20, 20]
[20, 20, 20, 20, 20, 20, 20, 20, 20, 1, 20, 20, 20, 2, 0, 20, 20, 20, 3, 4]
[20, 20, 20, 20, 20, 20, 20, 20, 20, 1, 20, 20, 20, 0, 3, 20, 20, 20, 4, 2]
[20, 4, 2, 20, 20, 20, 3, 0, 1, 20, 20, 20, 20, 20, 20, 20, 20, 20, 20, 20]
[20, 1, 20, 20, 20, 2, 4, 20, 20, 20, 3, 0, 20, 20, 20, 20, 20, 20, 20, 20]
[20, 20, 20, 20, 20, 20, 20, 20, 20, 1, 20, 20, 20, 2, 0, 20, 20, 20, 4, 3]
[20, 3, 2, 20, 20, 20, 0, 4, 1, 20, 20, 20, 20, 20, 20, 20, 20, 20, 20, 20]
[20, 20, 20, 20, 20, 20, 20, 20, 20, 1, 20, 20, 20, 4, 3, 20, 20, 20, 2, 0]
[20, 0, 4, 20, 20, 20, 2, 3, 1, 20, 20, 20, 20, 20, 20, 20, 20, 20, 20, 20]
[20, 20, 20, 1, 20, 20, 20, 0, 4, 20, 20, 20, 3, 2, 20, 20, 20, 20, 20, 20]
[20, 20, 20, 20, 20, 20, 20, 20, 20, 1, 20, 20, 20, 4, 2, 20, 20, 20, 0, 3]
[20, 20, 20, 20, 20, 20, 20, 20, 20, 1, 20, 20, 20, 3, 4, 20, 20, 20, 0, 2]
[20, 1, 20, 20, 20, 2, 3, 20, 20, 20, 0, 4, 20, 20, 20, 20, 20, 20, 20, 20]
[20, 20, 20, 1, 20, 20, 20, 3, 2, 20, 20, 20, 4, 0, 20, 20, 20, 20, 20, 20]
[20, 20, 20, 20, 20, 20, 20, 20, 20, 1, 20, 20, 20, 0, 2, 20, 20, 20, 4, 3]
[20, 20, 20, 20, 20, 20, 20, 20, 20, 1, 20, 20, 20, 3, 0, 20, 20, 20, 2, 4]
[20, 20, 20, 1, 20, 20, 20, 4, 0, 20, 20, 20, 2, 3, 20, 20, 20, 20, 20, 20]
