[20, 1, 9, 3, 4, 11, 10, 0, 2, 7, 12, 20, 6, 5, 8, 20, 20, 20, 20, 20]
[20, 3, 4, 9, 10, 8, 7, 2, 5, 11, 12, 20, 0, 6, 1, 20, 20, 20, 20, 20]
[20, 9, 8, 3, 4, 11, 10, 5, 2, 7, 12, 20, 6, 0, 1, 20, 20, 20, 20, 20]
[20, 4, 9, 1, 7, 11, 10, 6, 0, 8, 12, 20, 5, 2, 3, 20, 20, 20, 20, 20]
[20, 9, 10, 1, 4, 12, 11, 5, 6, 7, 20, 3, 2, 0, 8, 20, 20, 20, 20, 20]
[20, 3, 4, 1, 7, 11, 10, 2, 0, 8, 12, 20, 5, 6, 9, 20, 20, 20, 20, 20]
[20, 1, 4, 9, 10, 8, 7, 6, 5, 11, 12, 20, 0, 2, 3, 20, 20, 20, 20, 20]
[20, 9, 10, 1, 7, 12, 11, 5, 0, 8, 20, 3, 2, 6, 4, 20, 20, 20, 20, 20]
[20, 9, 8, 1, 7, 11, 10, 5, 0, 4, 12, 20, 6, 2, 3, 20, 20, 20, 20, 20]
[20, 9, 8, 3, 4, 11, 10, 5, 2, 7, 12, 20, 0, 6, 1, 20, 20, 20, 20, 20]
[20, 3, 4, 9, 10, 8, 7, 2, 5, 11, 12, 20, 6, 0, 1, 20, 20, 20, 20, 20]
[20, 9, 8, 1, 4, 11, 10, 5, 6, 7, 12, 20, 0, 2, 3, 20, 20, 20, 20, 20]
[20, 1, 4, 9, 10, 8, 7, 6, 5, 11, 20, 3, 2, 0, 12, 20, 20, 20, 20, 20]
[20, 1, 9, 3, 4, 11, 10, 6, 2, 7, 12, 20, 5, 0, 8, 20, 20, 20, 20, 20]
[20, 3, 9, 1, 4, 11, 10, 2, 6, 7, 12, 20, 5, 0, 8, 20, 20, 20, 20, 20]
[20, 4, 10, 1, 7, 12, 11, 6, 0, 8, 20, 3, 2, 5, 9, 20, 20, 20, 20, 20]
[20, 1, 9, 3, 4, 11, 10, 6, 2, 7, 12, 20, 0, 5, 8, 20, 20, 20, 20, 20]
[20, 3, 9, 1, 4, 11, 10, 2, 6, 7, 12, 20, 0, 5, 8, 20, 20, 20, 20, 20]
[20, 1, 7, 9, 10, 12, 8, 0, 5, 11, 20, 3, 2, 6, 4, 20, 20, 20, 20, 20]
[20, 3, 4, 1, 7, 11, 10, 2, 0, 8, 12, 20, 6, 5, 9, 20, 20, 20, 20, 20]
[20, 1, 8, 9, 7, 11, 10, 0, 5, 4, 12, 20, 6, 2, 3, 20, 20, 20, 20, 20]
[20, 9, 10, 1, 4, 12, 11, 0, 6, 7, 20, 3, 2, 5, 8, 20, 20, 20, 20, 20]
[20, 8, 9, 1, 4, 11, 10, 0, 6, 7, 12, 20, 5, 2, 3, 20, 20, 20, 20, 20]
[20, 1, 9, 3, 4, 11, 10, 0, 2, 7, 12, 20, 5, 6, 8, 20, 20, 20, 20, 20]
