[3, 1, 2, 20, 20, 0, 5, 4, 20, 20, 6, 7, 20, 20, 20, 20, 20, 20, 20, 20]
[20, 3, 20, 20, 4, 20, 20, 2, 20, 1, 20, 20, 20, 7, 5, 20, 20, 20, 0, 6]
[20, 2, 20, 1, 3, 20, 20, 5, 0, 4, 20, 20, 6, 7, 20, 20, 20, 20, 20, 20]
[20, 3, 20, 1, 2, 20, 20, 7, 6, 4, 20, 20, 0, 5, 20, 20, 20, 20, 20, 20]
[20, 3, 4, 1, 2, 20, 20, 0, 6, 20, 20, 20, 7, 5, 20, 20, 20, 20, 20, 20]
[20, 2, 20, 1, 3, 20, 20, 5, 0, 4, 20, 20, 7, 6, 20, 20, 20, 20, 20, 20]
[20, 4, 20, 1, 2, 20, 20, 5, 7, 3, 20, 20, 0, 6, 20, 20, 20, 20, 20, 20]
[20, 3, 20, 1, 2, 20, 20, 0, 5, 4, 20, 20, 7, 6, 20, 20, 20, 20, 20, 20]
[20, 4, 20, 1, 2, 20, 20, 0, 7, 3, 20, 20, 5, 6, 20, 20, 20, 20, 20, 20]
[20, 20, 4, 1, 2, 20, 20, 6, 5, 3, 20, 20, 0, 7, 20, 20, 20, 20, 20, 20]
[20, 2, 20, 1, 3, 20, 20, 6, 0, 4, 20, 20, 5, 7, 20, 20, 20, 20, 20, 20]
[20, 3, 20, 20, 4, 20, 20, 2, 20, 1, 20, 20, 20, 6, 7, 20, 20, 20, 0, 5]
[20, 0, 6, 4, 20, 20, 5, 7, 1, 20, 20, 20, 2, 3, 20, 20, 20, 20, 20, 20]
[20, 4, 20, 1, 2, 20, 20, 5, 7, 3, 20, 20, 6, 0, 20, 20, 20, 20, 20, 20]
[4, 1, 2, 20, 20, 0, 7, 3, 20, 20, 6, 5, 20, 20, 20, 20, 20, 20, 20, 20]
[20, 3, 4, 1, 2, 20, 20, 0, 6, 20, 20, 20, 5, 7, 20, 20, 20, 20, 20, 20]
[20, 3, 20, 20, 4, 20, 20, 2, 20, 1, 20, 20, 20, 5, 6, 20, 20, 20, 0, 7]
[20, 0, 5, 4, 20, 3, 7, 6, 1, 20, 20, 20, 2, 20, 20, 20, 20, 20, 20, 20]
[20, 0, 7, 3, 4, 20, 5, 6, 1, 20, 20, 20, 2, 20, 20, 20, 20, 20, 20, 20]
[20, 0, 6, 4, 20, 3, 7, 5, 1, 20, 20, 20, 2, 20, 20, 20, 20, 20, 20, 20]
[20, 3, 20, 1, 2, 20, 20, 7, 5, 4, 20, 20, 6, 0, 20, 20, 20, 20, 20, 20]
[20, 4, 20, 1, 2, 20, 20, 0, 7, 3, 20, 20, 6, 5, 20, 20, 20, 20, 20, 20]
[20, 2, 20, 1, 3, 20, 20, 7, 0, 4, 20, 20, 6, 5, 20, 20, 20, 20, 20, 20]
[3, 1, 2, 4, 20, 0, 6, 20, 20, 20, 5, 7, 20, 20, 20, 20, 20, 20, 20, 20]
[20, 4, 20, 1, 2, 20, 20, 5, 6, 3, 20, 20, 0, 7, 20, 20, 20, 20, 20, 20]
[20, 4, 20, 1, 2, 20, 20, 5, 6, 3, 20, 20, 7, 0, 20, 20, 20, 20, 20, 20]
[20, 0, 5, 4, 20, 20, 6, 7, 1, 20, 20, 20, 2, 3, 20, 20, 20, 20, 20, 20]
[20, 3, 20, 20, 4, 20, 20, 2, 20, 1, 20, 20, 20, 5, 7, 20, 20, 20, 0, 6]
[20, 3, 20, 1, 2, 20, 20, 0, 5, 4, 20, 20, 6, 7, 20, 20, 20, 20, 20, 20]
[3, 1, 2, 4, 20, 0, 6, 20, 20, 20, 7, 5, 20, 20, 20, 20, 20, 20, 20, 20]
[20, 3, 20, 20, 4, 20, 20, 2, 20, 1, 20, 20, 20, 7, 6, 20, 20, 20, 0, 5]
[20, 2, 20, 1, 3, 20, 20, 7, 0, 4, 20, 20, 5, 6, 20, 20, 20, 20, 20, 20]
[20, 3, 20, 1, 2, 20, 20, 7, 5, 4, 20, 20, 0, 6, 20, 20, 20, 20, 20, 20]
[3, 1, 2, 20, 20, 0, 5, 4, 20, 20, 7, 6, 20, 20, 20, 20, 20, 20, 20, 20]
[4, 1, 2, 20, 20, 0, 7, 3, 20, 20, 5, 6, 20, 20, 20, 20, 20, 20, 20, 20]
[20, 20, 4, 1, 2, 20, 20, 6, 7, 3, 20, 20, 0, 5, 20, 20, 20, 20, 20, 20]
[20, 20, 4, 1, 2, 20, 20, 6, 5, 3, 20, 20, 7, 0, 20, 20, 20, 20, 20, 20]
[20, 20, 4, 1, 2, 20, 20, 6, 7, 3, 20, 20, 5, 0, 20, 20, 20, 20, 20, 20]
[20, 2, 20, 1, 3, 20, 20, 6, 0, 4, 20, 20, 7, 5, 20, 20, 20, 20, 20, 20]
[20, 3, 20, 20, 4, 20, 20, 2, 20, 1, 20, 20, 20, 6, 5, 20, 20, 20, 0, 7]
[20, 3, 20, 1, 2, 20, 20, 7, 6, 4, 20, 20, 5, 0, 20, 20, 20, 20, 20, 20]
[20, 0, 7, 3, 4, 20, 6, 5, 1, 20, 20, 20, 2, 20, 20, 20, 20, 20, 20, 20]
