[20, 2, 6, 20, 20, 20, 20, 1, 20, 20, 20, 3, 0, 20, 20, 20, 4, 5, 20, 20]
[20, 20, 20, 20, 20, 20, 20, 3, 4, 2, 20, 20, 0, 5, 1, 20, 20, 20, 6, 20]
[2, 20, 20, 20, 20, 1, 6, 20, 20, 20, 20, 0, 3, 20, 20, 20, 4, 5, 20, 20]
[20, 3, 0, 2, 20, 20, 4, 5, 1, 20, 20, 20, 6, 20, 20, 20, 20, 20, 20, 20]
[20, 0, 3, 2, 20, 20, 4, 5, 1, 20, 20, 20, 6, 20, 20, 20, 20, 20, 20, 20]
[6, 5, 4, 2, 20, 20, 3, 0, 1, 20, 20, 20, 20, 20, 20, 20, 20, 20, 20, 20]
[1, 20, 20, 2, 20, 0, 3, 20, 20, 20, 5, 4, 20, 20, 20, 6, 20, 20, 20, 20]
[2, 20, 20, 20, 20, 1, 6, 20, 20, 20, 20, 5, 4, 20, 20, 20, 3, 0, 20, 20]
[20, 20, 20, 1, 2, 20, 20, 4, 5, 6, 20, 20, 3, 0, 20, 20, 20, 20, 20, 20]
[20, 1, 20, 20, 20, 20, 20, 0, 4, 20, 20, 20, 3, 5, 2, 20, 20, 20, 6, 20]
[20, 20, 20, 20, 2, 20, 20, 20, 6, 1, 20, 20, 20, 3, 4, 20, 20, 20, 5, 0]
[1, 2, 6, 20, 20, 5, 3, 20, 20, 20, 4, 0, 20, 20, 20, 20, 20, 20, 20, 20]
[20, 20, 20, 20, 20, 6, 20, 20, 20, 20, 2, 5, 4, 20, 20, 1, 0, 3, 20, 20]
[2, 1, 6, 20, 20, 5, 0, 20, 20, 20, 4, 3, 20, 20, 20, 20, 20, 20, 20, 20]
[2, 5, 4, 20, 20, 1, 0, 3, 6, 20, 20, 20, 20, 20, 20, 20, 20, 20, 20, 20]
[20, 20, 20, 20, 2, 20, 20, 20, 6, 1, 20, 20, 20, 3, 5, 20, 20, 20, 0, 4]
[20, 20, 20, 1, 2, 20, 20, 0, 5, 6, 20, 20, 3, 4, 20, 20, 20, 20, 20, 20]
[20, 2, 20, 20, 20, 20, 20, 1, 6, 20, 20, 4, 5, 20, 20, 20, 3, 0, 20, 20]
[20, 4, 5, 2, 6, 20, 3, 0, 1, 20, 20, 20, 20, 20, 20, 20, 20, 20, 20, 20]
[20, 2, 6, 20, 20, 20, 20, 1, 20, 20, 20, 20, 20, 0, 4, 20, 20, 20, 3, 5]
[20, 20, 20, 20, 20, 20, 20, 6, 20, 20, 2, 4, 5, 20, 20, 1, 0, 3, 20, 20]
[2, 4, 5, 6, 20, 1, 0, 3, 20, 20, 20, 20, 20, 20, 20, 20, 20, 20, 20, 20]
[20, 20, 20, 1, 2, 20, 20, 3, 5, 6, 20, 20, 0, 4, 20, 20, 20, 20, 20, 20]
[20, 20, 20, 20, 2, 20, 20, 20, 6, 1, 20, 20, 20, 3, 4, 20, 20, 20, 0, 5]
[20, 20, 2, 1, 20, 20, 20, 3, 0, 20, 20, 20, 4, 5, 6, 20, 20, 20, 20, 20]
[20, 1, 20, 20, 20, 20, 20, 0, 4, 20, 20, 2, 5, 3, 20, 20, 6, 20, 20, 20]
[20, 1, 20, 2, 20, 3, 0, 20, 20, 20, 5, 4, 20, 20, 20, 6, 20, 20, 20, 20]
[20, 20, 20, 20, 2, 20, 20, 20, 6, 1, 20, 20, 20, 0, 5, 20, 20, 20, 4, 3]
[20, 1, 2, 20, 20, 20, 6, 5, 4, 20, 20, 20, 3, 0, 20, 20, 20, 20, 20, 20]
[20, 20, 20, 20, 2, 20, 20, 20, 6, 1, 20, 20, 20, 4, 5, 20, 20, 20, 0, 3]
[20, 2, 20, 20, 20, 6, 20, 1, 20, 20, 20, 5, 0, 20, 20, 20, 4, 3, 20, 20]
[6, 5, 0, 1, 2, 20, 4, 3, 20, 20, 20, 20, 20, 20, 20, 20, 20, 20, 20, 20]
[20, 1, 2, 20, 20, 20, 6, 5, 4, 20, 20, 20, 0, 3, 20, 20, 20, 20, 20, 20]
[20, 20, 20, 20, 2, 20, 20, 20, 6, 1, 20, 20, 20, 4, 0, 20, 20, 20, 5, 3]
[20, 1, 20, 20, 20, 3, 0, 20, 20, 20, 4, 5, 2, 20, 20, 20, 6, 20, 20, 20]
[20, 20, 20, 20, 20, 20, 20, 6, 20, 20, 2, 3, 4, 20, 20, 1, 0, 5, 20, 20]
[20, 3, 4, 2, 20, 20, 0, 5, 1, 20, 20, 20, 6, 20, 20, 20, 20, 20, 20, 20]
[20, 20, 20, 20, 20, 20, 20, 3, 4, 2, 20, 6, 5, 0, 1, 20, 20, 20, 20, 20]
[20, 20, 2, 1, 20, 20, 20, 3, 0, 20, 20, 6, 5, 4, 20, 20, 20, 20, 20, 20]
[20, 20, 20, 20, 2, 20, 20, 20, 6, 1, 20, 20, 20, 4, 5, 20, 20, 20, 3, 0]
[1, 2, 6, 20, 20, 5, 3, 20, 20, 20, 0, 4, 20, 20, 20, 20, 20, 20, 20, 20]
[20, 3, 4, 2, 20, 6, 5, 0, 1, 20, 20, 20, 20, 20, 20, 20, 20, 20, 20, 20]
[20, 20, 20, 20, 2, 20, 20, 20, 6, 1, 20, 20, 20, 4, 0, 20, 20, 20, 3, 5]
[20, 3, 0, 20, 20, 1, 5, 4, 20, 20, 2, 6, 20, 20, 20, 20, 20, 20, 20, 20]
[20, 20, 20, 20, 20, 20, 20, 6, 20, 20, 2, 3, 4, 20, 20, 1, 5, 0, 20, 20]
[20, 20, 20, 20, 20, 20, 20, 6, 20, 20, 2, 3, 0, 20, 20, 1, 5, 4, 20, 20]
[20, 20, 20, 20, 2, 20, 20, 20, 6, 1, 20, 20, 20, 0, 5, 20, 20, 20, 3, 4]
[20, 2, 6, 1, 20, 20, 20, 5, 0, 20, 20, 20, 4, 3, 20, 20, 20, 20, 20, 20]
[20, 2, 20, 20, 20, 20, 20, 1, 6, 20, 20, 20, 20, 5, 4, 20, 20, 20, 0, 3]
[2, 3, 5, 6, 20, 1, 0, 4, 20, 20, 20, 20, 20, 20, 20, 20, 20, 20, 20, 20]
[20, 20, 20, 1, 2, 20, 20, 0, 5, 6, 20, 20, 4, 3, 20, 20, 20, 20, 20, 20]
[20, 1, 2, 20, 20, 3, 5, 6, 20, 20, 4, 0, 20, 20, 20, 20, 20, 20, 20, 20]
[20, 2, 20, 20, 20, 20, 20, 1, 6, 20, 20, 20, 20, 5, 4, 20, 20, 20, 3, 0]
[20, 20, 20, 20, 2, 20, 20, 6, 20, 1, 20, 20, 20, 5, 0, 20, 20, 20, 3, 4]
[20, 20, 20, 20, 20, 20, 20, 6, 20, 20, 2, 3, 5, 20, 20, 1, 0, 4, 20, 20]
[20, 20, 20, 1, 2, 20, 20, 4, 5, 6, 20, 20, 0, 3, 20, 20, 20, 20, 20, 20]
[20, 20, 20, 20, 20, 20, 20, 6, 20, 20, 2, 0, 3, 20, 20, 1, 5, 4, 20, 20]
[20, 0, 3, 20, 20, 1, 5, 4, 20, 20, 2, 6, 20, 20, 20, 20, 20, 20, 20, 20]
[20, 20, 20, 6, 20, 4, 3, 2, 20, 20, 5, 0, 1, 20, 20, 20, 20, 20, 20, 20]
[1, 20, 20, 20, 20, 0, 3, 20, 20, 20, 4, 5, 2, 20, 20, 20, 6, 20, 20, 20]
[20, 2, 6, 20, 20, 20, 20, 1, 20, 20, 20, 20, 20, 0, 4, 20, 20, 20, 5, 3]
[20, 20, 20, 20, 20, 4, 3, 2, 20, 20, 0, 5, 1, 20, 20, 20, 6, 20, 20, 20]
[20, 20, 2, 1, 20, 20, 20, 4, 0, 20, 20, 6, 5, 3, 20, 20, 20, 20, 20, 20]
[20, 1, 2, 20, 20, 3, 5, 6, 20, 20, 0, 4, 20, 20, 20, 20, 20, 20, 20, 20]
[20, 4, 3, 2, 20, 20, 0, 5, 1, 20, 20, 20, 6, 20, 20, 20, 20, 20, 20, 20]
[20, 20, 20, 20, 20, 20, 20, 6, 20, 20, 2, 4, 3, 20, 20, 1, 0, 5, 20, 20]
[20, 1, 2, 20, 20, 0, 5, 6, 20, 20, 3, 4, 20, 20, 20, 20, 20, 20, 20, 20]
[6, 5, 0, 1, 2, 20, 3, 4, 20, 20, 20, 20, 20, 20, 20, 20, 20, 20, 20, 20]
[20, 2, 20, 20, 20, 6, 20, 1, 20, 20, 20, 5, 0, 20, 20, 20, 3, 4, 20, 20]
[20, 2, 6, 20, 20, 20, 20, 1, 20, 20, 20, 20, 20, 0, 3, 20, 20, 20, 5, 4]
[20, 4, 0, 2, 20, 20, 3, 5, 1, 20, 20, 20, 6, 20, 20, 20, 20, 20, 20, 20]
[2, 5, 3, 20, 20, 1, 0, 4, 6, 20, 20, 20, 20, 20, 20, 20, 20, 20, 20, 20]
[20, 20, 20, 20, 2, 20, 20, 20, 6, 1, 20, 20, 20, 3, 0, 20, 20, 20, 5, 4]
[20, 20, 20, 20, 20, 20, 20, 4, 3, 2, 20, 6, 5, 0, 1, 20, 20, 20, 20, 20]
[20, 2, 6, 20, 20, 20, 20, 1, 20, 20, 20, 4, 0, 20, 20, 20, 3, 5, 20, 20]
[20, 20, 20, 1, 2, 20, 20, 3, 5, 6, 20, 20, 4, 0, 20, 20, 20, 20, 20, 20]
[20, 20, 20, 20, 20, 6, 20, 20, 20, 20, 2, 5, 3, 20, 20, 1, 0, 4, 20, 20]
[1, 20, 20, 2, 20, 0, 4, 20, 20, 20, 5, 3, 20, 20, 20, 6, 20, 20, 20, 20]
[20, 1, 20, 20, 20, 20, 20, 0, 3, 20, 20, 2, 5, 4, 20, 20, 6, 20, 20, 20]
[20, 20, 20, 20, 20, 20, 20, 6, 20, 20, 2, 4, 3, 20, 20, 1, 5, 0, 20, 20]
[20, 20, 2, 1, 20, 20, 20, 4, 0, 20, 20, 20, 3, 5, 6, 20, 20, 20, 20, 20]
[20, 0, 5, 1, 2, 20, 4, 3, 6, 20, 20, 20, 20, 20, 20, 20, 20, 20, 20, 20]
[20, 4, 3, 2, 20, 6, 5, 0, 1, 20, 20, 20, 20, 20, 20, 20, 20, 20, 20, 20]
[20, 2, 20, 20, 20, 20, 20, 1, 6, 20, 20, 0, 5, 20, 20, 20, 4, 3, 20, 20]
[20, 20, 20, 20, 20, 3, 4, 2, 20, 20, 0, 5, 1, 20, 20, 20, 6, 20, 20, 20]
[20, 3, 5, 2, 6, 20, 4, 0, 1, 20, 20, 20, 20, 20, 20, 20, 20, 20, 20, 20]
[20, 2, 20, 20, 20, 20, 20, 1, 6, 20, 20, 3, 5, 20, 20, 20, 4, 0, 20, 20]
[20, 4, 0, 20, 20, 1, 5, 3, 20, 20, 2, 6, 20, 20, 20, 20, 20, 20, 20, 20]
[20, 2, 20, 20, 20, 20, 20, 1, 6, 20, 20, 20, 20, 5, 3, 20, 20, 20, 4, 0]
[20, 20, 20, 6, 20, 3, 4, 2, 20, 20, 5, 0, 1, 20, 20, 20, 20, 20, 20, 20]
[20, 20, 20, 20, 20, 20, 20, 6, 20, 20, 2, 4, 0, 20, 20, 1, 5, 3, 20, 20]
[20, 20, 20, 20, 2, 20, 20, 6, 20, 1, 20, 20, 20, 5, 0, 20, 20, 20, 4, 3]
[1, 20, 20, 20, 20, 0, 4, 20, 20, 20, 3, 5, 2, 20, 20, 20, 6, 20, 20, 20]
[20, 2, 6, 1, 20, 20, 20, 5, 0, 20, 20, 20, 3, 4, 20, 20, 20, 20, 20, 20]
[20, 1, 20, 20, 20, 4, 0, 20, 20, 20, 3, 5, 2, 20, 20, 20, 6, 20, 20, 20]
[2, 20, 20, 20, 20, 1, 6, 20, 20, 20, 20, 0, 4, 20, 20, 20, 3, 5, 20, 20]
[6, 5, 3, 2, 20, 20, 4, 0, 1, 20, 20, 20, 20, 20, 20, 20, 20, 20, 20, 20]
[20, 0, 4, 2, 20, 20, 3, 5, 1, 20, 20, 20, 6, 20, 20, 20, 20, 20, 20, 20]
[20, 1, 2, 20, 20, 20, 6, 5, 3, 20, 20, 20, 0, 4, 20, 20, 20, 20, 20, 20]
[2, 20, 20, 20, 20, 1, 6, 20, 20, 20, 20, 5, 3, 20, 20, 20, 4, 0, 20, 20]
[20, 20, 20, 20, 20, 20, 20, 4, 3, 2, 20, 20, 0, 5, 1, 20, 20, 20, 6, 20]
[20, 1, 20, 20, 20, 20, 20, 0, 3, 20, 20, 20, 4, 5, 2, 20, 20, 20, 6, 20]
[20, 20, 20, 20, 2, 20, 20, 20, 6, 1, 20, 20, 20, 3, 5, 20, 20, 20, 4, 0]
[1, 2, 6, 20, 20, 5, 4, 20, 20, 20, 3, 0, 20, 20, 20, 20, 20, 20, 20, 20]
[2, 1, 6, 20, 20, 5, 0, 20, 20, 20, 3, 4, 20, 20, 20, 20, 20, 20, 20, 20]
[20, 1, 2, 20, 20, 4, 5, 6, 20, 20, 0, 3, 20, 20, 20, 20, 20, 20, 20, 20]
[20, 1, 2, 20, 20, 0, 5, 6, 20, 20, 4, 3, 20, 20, 20, 20, 20, 20, 20, 20]
[20, 20, 20, 20, 2, 20, 20, 20, 6, 1, 20, 20, 20, 4, 3, 20, 20, 20, 5, 0]
[20, 20, 20, 20, 2, 20, 20, 20, 6, 1, 20, 20, 20, 4, 3, 20, 20, 20, 0, 5]
[20, 2, 6, 20, 20, 20, 20, 1, 20, 20, 20, 20, 20, 0, 3, 20, 20, 20, 4, 5]
[20, 0, 4, 20, 20, 1, 5, 3, 20, 20, 2, 6, 20, 20, 20, 20, 20, 20, 20, 20]
[20, 1, 20, 2, 20, 4, 0, 20, 20, 20, 5, 3, 20, 20, 20, 6, 20, 20, 20, 20]
[20, 20, 20, 20, 20, 20, 20, 6, 20, 20, 2, 0, 4, 20, 20, 1, 5, 3, 20, 20]
[1, 2, 6, 20, 20, 5, 4, 20, 20, 20, 0, 3, 20, 20, 20, 20, 20, 20, 20, 20]
[20, 2, 20, 20, 20, 20, 20, 1, 6, 20, 20, 0, 5, 20, 20, 20, 3, 4, 20, 20]
[20, 0, 5, 1, 2, 20, 3, 4, 6, 20, 20, 20, 20, 20, 20, 20, 20, 20, 20, 20]
[20, 1, 2, 20, 20, 4, 5, 6, 20, 20, 3, 0, 20, 20, 20, 20, 20, 20, 20, 20]
[20, 1, 2, 20, 20, 20, 6, 5, 3, 20, 20, 20, 4, 0, 20, 20, 20, 20, 20, 20]
[20, 2, 20, 20, 20, 20, 20, 1, 6, 20, 20, 20, 20, 5, 3, 20, 20, 20, 0, 4]
[20, 20, 20, 20, 2, 20, 20, 20, 6, 1, 20, 20, 20, 3, 0, 20, 20, 20, 4, 5]
