[1, 2, 6, 7, 20, 0, 5, 3, 4, 20, 20, 20, 20, 20, 20, 20, 20, 20, 20, 20]
[0, 5, 3, 4, 20, 1, 6, 2, 20, 20, 7, 20, 20, 20, 20, 20, 20, 20, 20, 20]
[20, 4, 20, 7, 20, 2, 3, 1, 20, 20, 6, 5, 0, 20, 20, 20, 20, 20, 20, 20]
[7, 4, 20, 20, 20, 6, 3, 1, 20, 20, 2, 5, 0, 20, 20, 20, 20, 20, 20, 20]
[20, 20, 20, 20, 1, 20, 20, 7, 4, 0, 20, 20, 20, 6, 2, 20, 20, 20, 3, 5]
[20, 1, 20, 20, 7, 20, 20, 0, 20, 4, 20, 20, 20, 5, 3, 20, 20, 20, 2, 6]
[20, 4, 20, 20, 20, 20, 20, 3, 2, 1, 20, 7, 6, 5, 0, 20, 20, 20, 20, 20]
[1, 0, 7, 4, 20, 6, 5, 20, 20, 20, 3, 2, 20, 20, 20, 20, 20, 20, 20, 20]
[20, 1, 7, 20, 20, 4, 20, 0, 20, 20, 20, 3, 5, 20, 20, 20, 2, 6, 20, 20]
[0, 5, 6, 7, 20, 1, 2, 3, 4, 20, 20, 20, 20, 20, 20, 20, 20, 20, 20, 20]
[7, 20, 20, 4, 20, 6, 2, 1, 20, 20, 3, 5, 0, 20, 20, 20, 20, 20, 20, 20]
[20, 20, 20, 20, 1, 20, 20, 7, 4, 0, 20, 20, 20, 6, 5, 20, 20, 20, 3, 2]
[20, 7, 20, 20, 20, 20, 20, 4, 20, 20, 1, 2, 3, 20, 20, 0, 5, 6, 20, 20]
[4, 7, 1, 0, 20, 3, 6, 20, 20, 20, 5, 2, 20, 20, 20, 20, 20, 20, 20, 20]
[0, 1, 20, 4, 20, 5, 2, 20, 20, 20, 3, 6, 7, 20, 20, 20, 20, 20, 20, 20]
[20, 7, 20, 20, 20, 1, 20, 6, 2, 20, 20, 0, 5, 3, 4, 20, 20, 20, 20, 20]
[20, 20, 20, 7, 20, 20, 20, 2, 6, 1, 20, 4, 3, 5, 0, 20, 20, 20, 20, 20]
[4, 20, 1, 0, 20, 3, 2, 20, 20, 20, 5, 6, 7, 20, 20, 20, 20, 20, 20, 20]
[1, 20, 20, 20, 20, 0, 4, 7, 20, 20, 20, 5, 6, 20, 20, 20, 2, 3, 20, 20]
[0, 1, 4, 20, 20, 5, 3, 20, 20, 20, 2, 6, 7, 20, 20, 20, 20, 20, 20, 20]
[20, 1, 4, 20, 20, 20, 20, 0, 20, 7, 20, 20, 20, 5, 6, 20, 20, 20, 3, 2]
[20, 20, 20, 7, 1, 20, 20, 20, 4, 0, 20, 20, 20, 2, 3, 20, 20, 20, 6, 5]
[20, 20, 20, 20, 1, 20, 20, 4, 7, 0, 20, 20, 20, 3, 6, 20, 20, 20, 5, 2]
[20, 1, 4, 20, 20, 20, 7, 0, 20, 20, 20, 20, 20, 5, 2, 20, 20, 20, 3, 6]
[20, 20, 1, 0, 20, 20, 20, 2, 5, 20, 20, 4, 3, 6, 7, 20, 20, 20, 20, 20]
[20, 20, 20, 20, 20, 20, 20, 4, 7, 20, 1, 2, 6, 20, 20, 0, 5, 3, 20, 20]
[20, 20, 20, 20, 1, 20, 20, 7, 4, 0, 20, 20, 20, 6, 3, 20, 20, 20, 2, 5]
[1, 0, 20, 20, 20, 20, 20, 5, 2, 20, 20, 7, 6, 3, 4, 20, 20, 20, 20, 20]
[20, 20, 20, 7, 1, 20, 20, 20, 4, 0, 20, 20, 20, 2, 5, 20, 20, 20, 6, 3]
[20, 7, 20, 4, 20, 1, 20, 6, 3, 20, 20, 0, 5, 2, 20, 20, 20, 20, 20, 20]
[20, 20, 20, 20, 1, 20, 20, 4, 7, 0, 20, 20, 20, 3, 2, 20, 20, 20, 5, 6]
[20, 4, 1, 0, 20, 20, 20, 3, 5, 20, 20, 7, 6, 2, 20, 20, 20, 20, 20, 20]
[20, 20, 20, 20, 1, 20, 20, 7, 4, 0, 20, 20, 20, 6, 5, 20, 20, 20, 2, 3]
[20, 20, 20, 20, 20, 4, 20, 7, 20, 20, 1, 3, 6, 20, 20, 0, 2, 5, 20, 20]
[0, 1, 7, 4, 20, 5, 6, 20, 20, 20, 3, 2, 20, 20, 20, 20, 20, 20, 20, 20]
[20, 20, 20, 20, 20, 7, 20, 4, 20, 20, 1, 6, 2, 20, 20, 0, 3, 5, 20, 20]
[4, 3, 5, 0, 1, 20, 2, 6, 7, 20, 20, 20, 20, 20, 20, 20, 20, 20, 20, 20]
[20, 20, 20, 7, 20, 1, 20, 2, 6, 20, 20, 0, 5, 3, 4, 20, 20, 20, 20, 20]
[7, 6, 5, 0, 1, 20, 2, 3, 4, 20, 20, 20, 20, 20, 20, 20, 20, 20, 20, 20]
[4, 20, 20, 7, 20, 3, 2, 1, 20, 20, 6, 5, 0, 20, 20, 20, 20, 20, 20, 20]
[1, 0, 20, 7, 20, 2, 5, 20, 20, 20, 6, 3, 4, 20, 20, 20, 20, 20, 20, 20]
[20, 7, 20, 4, 20, 20, 20, 6, 3, 1, 20, 20, 2, 5, 0, 20, 20, 20, 20, 20]
[1, 0, 20, 4, 20, 20, 20, 5, 3, 20, 20, 7, 6, 2, 20, 20, 20, 20, 20, 20]
[20, 7, 1, 0, 20, 20, 20, 6, 5, 20, 20, 4, 3, 2, 20, 20, 20, 20, 20, 20]
[20, 20, 20, 20, 1, 20, 20, 4, 7, 0, 20, 20, 20, 3, 2, 20, 20, 20, 6, 5]
[20, 4, 1, 0, 20, 2, 3, 20, 20, 20, 5, 6, 7, 20, 20, 20, 20, 20, 20, 20]
[20, 20, 20, 7, 1, 20, 20, 20, 4, 0, 20, 20, 20, 2, 3, 20, 20, 20, 5, 6]
[20, 4, 20, 20, 20, 1, 20, 3, 2, 20, 20, 0, 5, 6, 7, 20, 20, 20, 20, 20]
[4, 3, 5, 0, 1, 7, 6, 2, 20, 20, 20, 20, 20, 20, 20, 20, 20, 20, 20, 20]
[20, 1, 4, 20, 20, 20, 20, 0, 20, 7, 20, 20, 20, 5, 6, 20, 20, 20, 2, 3]
[20, 2, 5, 0, 1, 4, 3, 6, 7, 20, 20, 20, 20, 20, 20, 20, 20, 20, 20, 20]
[0, 5, 2, 20, 20, 1, 6, 3, 4, 20, 7, 20, 20, 20, 20, 20, 20, 20, 20, 20]
[4, 3, 6, 1, 7, 20, 2, 5, 0, 20, 20, 20, 20, 20, 20, 20, 20, 20, 20, 20]
[1, 6, 3, 4, 20, 0, 5, 2, 7, 20, 20, 20, 20, 20, 20, 20, 20, 20, 20, 20]
[20, 7, 20, 20, 20, 20, 20, 4, 20, 20, 1, 2, 3, 20, 20, 0, 6, 5, 20, 20]
[1, 0, 20, 4, 20, 20, 20, 5, 3, 20, 20, 20, 2, 6, 7, 20, 20, 20, 20, 20]
[20, 1, 4, 20, 20, 7, 20, 0, 20, 20, 20, 6, 5, 20, 20, 20, 2, 3, 20, 20]
[20, 20, 20, 20, 20, 4, 20, 7, 20, 20, 1, 3, 6, 20, 20, 0, 5, 2, 20, 20]
[20, 2, 6, 1, 7, 4, 3, 5, 0, 20, 20, 20, 20, 20, 20, 20, 20, 20, 20, 20]
[1, 20, 20, 20, 20, 0, 7, 20, 20, 20, 20, 5, 2, 20, 20, 4, 3, 6, 20, 20]
[1, 6, 2, 7, 20, 0, 5, 3, 4, 20, 20, 20, 20, 20, 20, 20, 20, 20, 20, 20]
[1, 0, 20, 7, 20, 20, 20, 5, 6, 20, 20, 4, 3, 2, 20, 20, 20, 20, 20, 20]
[20, 2, 3, 1, 4, 7, 6, 5, 0, 20, 20, 20, 20, 20, 20, 20, 20, 20, 20, 20]
[20, 20, 20, 20, 1, 20, 20, 7, 4, 0, 20, 20, 20, 6, 3, 20, 20, 20, 5, 2]
[7, 6, 3, 1, 4, 20, 2, 5, 0, 20, 20, 20, 20, 20, 20, 20, 20, 20, 20, 20]
[7, 6, 5, 0, 1, 4, 3, 2, 20, 20, 20, 20, 20, 20, 20, 20, 20, 20, 20, 20]
[20, 20, 1, 0, 20, 20, 20, 2, 5, 20, 20, 7, 6, 3, 4, 20, 20, 20, 20, 20]
[20, 7, 1, 0, 20, 2, 6, 20, 20, 20, 5, 3, 4, 20, 20, 20, 20, 20, 20, 20]
[7, 6, 2, 1, 20, 4, 3, 5, 0, 20, 20, 20, 20, 20, 20, 20, 20, 20, 20, 20]
[7, 20, 20, 20, 20, 4, 20, 20, 20, 20, 1, 3, 2, 20, 20, 0, 6, 5, 20, 20]
[20, 20, 20, 4, 20, 1, 20, 2, 3, 20, 20, 0, 5, 6, 7, 20, 20, 20, 20, 20]
[20, 4, 1, 0, 20, 20, 20, 3, 5, 20, 20, 20, 2, 6, 7, 20, 20, 20, 20, 20]
[0, 1, 4, 7, 20, 5, 3, 20, 20, 20, 6, 2, 20, 20, 20, 20, 20, 20, 20, 20]
[0, 1, 7, 20, 20, 5, 6, 20, 20, 20, 2, 3, 4, 20, 20, 20, 20, 20, 20, 20]
[1, 0, 20, 7, 20, 20, 20, 5, 6, 20, 20, 20, 2, 3, 4, 20, 20, 20, 20, 20]
[0, 5, 6, 7, 20, 1, 3, 2, 20, 20, 4, 20, 20, 20, 20, 20, 20, 20, 20, 20]
[1, 3, 6, 7, 20, 0, 5, 2, 4, 20, 20, 20, 20, 20, 20, 20, 20, 20, 20, 20]
[0, 5, 2, 20, 20, 1, 3, 6, 7, 20, 4, 20, 20, 20, 20, 20, 20, 20, 20, 20]
[20, 20, 20, 20, 20, 7, 20, 4, 20, 20, 1, 6, 2, 20, 20, 0, 5, 3, 20, 20]
[20, 20, 20, 20, 20, 20, 20, 4, 7, 20, 1, 2, 6, 20, 20, 0, 3, 5, 20, 20]
[1, 3, 2, 20, 20, 0, 5, 6, 4, 20, 20, 20, 7, 20, 20, 20, 20, 20, 20, 20]
[20, 4, 20, 7, 20, 20, 20, 3, 6, 1, 20, 20, 2, 5, 0, 20, 20, 20, 20, 20]
[20, 1, 20, 20, 20, 4, 20, 0, 20, 20, 20, 3, 5, 20, 20, 7, 6, 2, 20, 20]
[20, 1, 7, 20, 20, 20, 20, 0, 20, 20, 20, 2, 5, 20, 20, 4, 3, 6, 20, 20]
[1, 20, 20, 20, 20, 0, 4, 20, 20, 20, 20, 5, 2, 20, 20, 7, 6, 3, 20, 20]
[20, 20, 20, 20, 20, 7, 20, 4, 20, 20, 1, 6, 3, 20, 20, 0, 5, 2, 20, 20]
[0, 5, 3, 4, 20, 1, 2, 6, 7, 20, 20, 20, 20, 20, 20, 20, 20, 20, 20, 20]
[20, 1, 4, 20, 20, 20, 7, 0, 20, 20, 20, 20, 20, 5, 2, 20, 20, 20, 6, 3]
[20, 20, 20, 20, 1, 20, 20, 4, 7, 0, 20, 20, 20, 3, 6, 20, 20, 20, 2, 5]
[4, 3, 2, 1, 20, 7, 6, 5, 0, 20, 20, 20, 20, 20, 20, 20, 20, 20, 20, 20]
[20, 7, 20, 20, 20, 20, 20, 6, 2, 1, 20, 4, 3, 5, 0, 20, 20, 20, 20, 20]
[20, 2, 5, 0, 1, 7, 6, 3, 4, 20, 20, 20, 20, 20, 20, 20, 20, 20, 20, 20]
[20, 20, 20, 4, 20, 20, 20, 2, 3, 1, 20, 7, 6, 5, 0, 20, 20, 20, 20, 20]
[1, 0, 7, 20, 20, 6, 5, 20, 20, 20, 2, 3, 4, 20, 20, 20, 20, 20, 20, 20]
[1, 7, 20, 20, 20, 0, 20, 4, 20, 20, 20, 5, 3, 20, 20, 20, 2, 6, 20, 20]
[1, 2, 3, 4, 20, 0, 5, 6, 7, 20, 20, 20, 20, 20, 20, 20, 20, 20, 20, 20]
[1, 20, 20, 20, 20, 0, 20, 4, 20, 20, 20, 5, 3, 20, 20, 7, 6, 2, 20, 20]
[20, 20, 20, 20, 1, 20, 20, 7, 4, 0, 20, 20, 20, 6, 2, 20, 20, 20, 5, 3]
[20, 1, 20, 20, 20, 7, 20, 0, 20, 20, 20, 6, 5, 20, 20, 4, 3, 2, 20, 20]
[1, 0, 4, 20, 20, 3, 5, 20, 20, 20, 2, 6, 7, 20, 20, 20, 20, 20, 20, 20]
[7, 20, 1, 0, 20, 6, 2, 20, 20, 20, 5, 3, 4, 20, 20, 20, 20, 20, 20, 20]
[1, 0, 4, 7, 20, 3, 5, 20, 20, 20, 6, 2, 20, 20, 20, 20, 20, 20, 20, 20]
[20, 7, 20, 4, 20, 2, 6, 1, 20, 20, 3, 5, 0, 20, 20, 20, 20, 20, 20, 20]
[20, 1, 20, 20, 7, 20, 20, 0, 20, 4, 20, 20, 20, 5, 3, 20, 20, 20, 6, 2]
[20, 20, 20, 7, 1, 20, 20, 20, 4, 0, 20, 20, 20, 2, 6, 20, 20, 20, 3, 5]
[20, 20, 20, 20, 1, 20, 20, 4, 7, 0, 20, 20, 20, 3, 5, 20, 20, 20, 2, 6]
[20, 7, 1, 0, 20, 20, 20, 6, 5, 20, 20, 20, 2, 3, 4, 20, 20, 20, 20, 20]
[20, 20, 20, 20, 1, 20, 20, 4, 7, 0, 20, 20, 20, 3, 5, 20, 20, 20, 6, 2]
[20, 1, 4, 20, 20, 20, 20, 0, 20, 20, 20, 2, 5, 20, 20, 7, 6, 3, 20, 20]
[1, 0, 20, 4, 20, 2, 5, 20, 20, 20, 3, 6, 7, 20, 20, 20, 20, 20, 20, 20]
[20, 20, 20, 7, 1, 20, 20, 20, 4, 0, 20, 20, 20, 2, 6, 20, 20, 20, 5, 3]
[0, 1, 20, 7, 20, 5, 2, 20, 20, 20, 6, 3, 4, 20, 20, 20, 20, 20, 20, 20]
[4, 7, 20, 20, 20, 3, 6, 1, 20, 20, 2, 5, 0, 20, 20, 20, 20, 20, 20, 20]
[7, 4, 1, 0, 20, 6, 3, 20, 20, 20, 5, 2, 20, 20, 20, 20, 20, 20, 20, 20]
[1, 20, 20, 20, 20, 0, 20, 7, 20, 20, 20, 5, 6, 20, 20, 4, 3, 2, 20, 20]
[20, 20, 20, 20, 20, 7, 20, 4, 20, 20, 1, 6, 3, 20, 20, 0, 2, 5, 20, 20]
[7, 20, 20, 20, 20, 4, 20, 20, 20, 20, 1, 3, 2, 20, 20, 0, 5, 6, 20, 20]
[20, 4, 20, 7, 20, 1, 20, 3, 6, 20, 20, 0, 5, 2, 20, 20, 20, 20, 20, 20]
[1, 0, 20, 20, 20, 20, 20, 5, 2, 20, 20, 4, 3, 6, 7, 20, 20, 20, 20, 20]
[20, 20, 20, 7, 1, 20, 20, 20, 4, 0, 20, 20, 20, 2, 5, 20, 20, 20, 3, 6]
