[20, 0, 4, 1, 3, 11, 6, 9, 10, 5, 20, 20, 8, 7, 2, 20, 20, 20, 20, 20]
[20, 5, 20, 1, 3, 20, 20, 8, 10, 4, 20, 11, 9, 7, 0, 20, 20, 20, 2, 6]
[20, 1, 4, 3, 5, 20, 20, 10, 8, 11, 6, 2, 7, 9, 0, 20, 20, 20, 20, 20]
[20, 5, 4, 0, 1, 20, 20, 8, 7, 2, 6, 20, 10, 9, 3, 20, 20, 20, 11, 20]
[20, 5, 6, 0, 3, 20, 20, 8, 9, 4, 11, 20, 10, 7, 1, 20, 20, 20, 2, 20]
[20, 1, 5, 0, 3, 20, 11, 10, 9, 4, 6, 20, 8, 7, 2, 20, 20, 20, 20, 20]
[20, 0, 1, 3, 4, 6, 2, 7, 8, 5, 20, 20, 10, 9, 11, 20, 20, 20, 20, 20]
[20, 0, 4, 1, 3, 20, 6, 9, 10, 5, 20, 2, 7, 8, 11, 20, 20, 20, 20, 20]
[20, 0, 2, 1, 3, 20, 4, 7, 10, 5, 20, 20, 8, 9, 6, 20, 20, 20, 11, 20]
[20, 4, 6, 0, 1, 20, 11, 9, 7, 2, 20, 20, 8, 10, 3, 20, 20, 20, 5, 20]
[20, 0, 2, 1, 3, 20, 4, 7, 10, 5, 20, 6, 9, 8, 11, 20, 20, 20, 20, 20]
[20, 5, 4, 0, 1, 20, 20, 8, 7, 2, 6, 11, 9, 10, 3, 20, 20, 20, 20, 20]
[20, 5, 4, 0, 1, 20, 20, 10, 7, 2, 6, 11, 9, 8, 3, 20, 20, 20, 20, 20]
[20, 1, 2, 0, 3, 20, 11, 7, 9, 4, 6, 20, 10, 8, 5, 20, 20, 20, 20, 20]
[20, 1, 4, 3, 5, 20, 20, 10, 8, 11, 6, 20, 9, 7, 0, 20, 20, 20, 2, 20]
[20, 5, 4, 0, 1, 20, 20, 10, 7, 2, 6, 20, 8, 9, 3, 20, 20, 20, 11, 20]
[20, 5, 20, 1, 3, 20, 20, 8, 10, 4, 20, 2, 7, 9, 0, 20, 20, 20, 6, 11]
[20, 4, 6, 0, 1, 20, 11, 9, 7, 2, 20, 20, 10, 8, 3, 20, 20, 20, 5, 20]
[20, 0, 4, 3, 5, 11, 6, 9, 8, 20, 20, 2, 7, 10, 1, 20, 20, 20, 20, 20]
[20, 5, 6, 0, 3, 20, 20, 8, 9, 4, 11, 2, 7, 10, 1, 20, 20, 20, 20, 20]
[20, 1, 6, 0, 3, 20, 20, 10, 9, 4, 11, 2, 7, 8, 5, 20, 20, 20, 20, 20]
[20, 0, 1, 3, 4, 6, 2, 7, 8, 5, 20, 20, 9, 10, 11, 20, 20, 20, 20, 20]
[20, 1, 2, 0, 3, 20, 11, 7, 9, 4, 6, 20, 8, 10, 5, 20, 20, 20, 20, 20]
[20, 0, 4, 3, 5, 11, 6, 9, 8, 20, 20, 20, 10, 7, 1, 20, 20, 20, 2, 20]
