[20, 1, 6, 2, 3, 20, 12, 0, 7, 4, 10, 11, 8, 9, 5, 20, 20, 20, 20, 20]
[20, 5, 6, 1, 2, 12, 10, 9, 8, 3, 20, 20, 0, 7, 4, 20, 20, 20, 11, 20]
[11, 1, 2, 5, 6, 4, 3, 8, 9, 10, 20, 20, 7, 0, 12, 20, 20, 20, 20, 20]
[20, 1, 6, 2, 3, 20, 12, 0, 7, 4, 10, 20, 9, 8, 5, 20, 20, 20, 11, 20]
[20, 3, 12, 1, 2, 20, 20, 7, 0, 5, 20, 4, 8, 9, 6, 20, 11, 20, 10, 20]
[20, 5, 6, 1, 2, 12, 10, 9, 8, 3, 20, 20, 7, 0, 4, 20, 20, 20, 11, 20]
[20, 2, 3, 4, 5, 20, 12, 7, 9, 6, 10, 20, 0, 8, 1, 20, 20, 20, 11, 20]
[20, 5, 6, 1, 2, 12, 10, 0, 8, 3, 20, 20, 7, 9, 4, 20, 20, 20, 11, 20]
[11, 1, 2, 5, 6, 4, 3, 8, 9, 10, 20, 20, 0, 7, 12, 20, 20, 20, 20, 20]
[20, 3, 4, 1, 2, 11, 10, 8, 0, 5, 12, 20, 9, 7, 6, 20, 20, 20, 20, 20]
[20, 5, 6, 1, 2, 12, 10, 0, 8, 3, 20, 20, 9, 7, 4, 20, 20, 20, 11, 20]
[20, 3, 4, 1, 2, 11, 10, 8, 0, 5, 12, 20, 7, 9, 6, 20, 20, 20, 20, 20]
[20, 6, 5, 1, 2, 20, 12, 7, 8, 3, 20, 20, 0, 9, 4, 20, 20, 20, 10, 11]
[20, 1, 2, 3, 4, 12, 10, 0, 9, 5, 20, 20, 7, 8, 6, 20, 20, 20, 11, 20]
[20, 5, 6, 2, 3, 12, 10, 9, 7, 4, 20, 11, 8, 0, 1, 20, 20, 20, 20, 20]
[20, 5, 6, 2, 3, 12, 10, 9, 7, 4, 20, 20, 0, 8, 1, 20, 20, 20, 11, 20]
[20, 2, 3, 4, 5, 20, 12, 7, 9, 6, 10, 11, 8, 0, 1, 20, 20, 20, 20, 20]
[10, 1, 4, 2, 3, 6, 5, 8, 7, 11, 12, 20, 9, 0, 20, 20, 20, 20, 20, 20]
[20, 5, 6, 1, 2, 12, 10, 9, 0, 3, 20, 20, 8, 7, 4, 20, 20, 20, 11, 20]
[20, 3, 11, 1, 2, 20, 12, 7, 0, 5, 20, 20, 9, 8, 4, 20, 20, 20, 6, 10]
[20, 5, 6, 1, 2, 12, 10, 9, 0, 3, 20, 20, 7, 8, 4, 20, 20, 20, 11, 20]
[20, 6, 5, 1, 2, 20, 12, 7, 8, 3, 20, 20, 9, 0, 4, 20, 20, 20, 10, 11]
[20, 1, 2, 3, 4, 12, 10, 0, 9, 5, 20, 11, 8, 7, 6, 20, 20, 20, 20, 20]
[10, 1, 4, 2, 3, 6, 5, 8, 7, 11, 12, 20, 0, 9, 20, 20, 20, 20, 20, 20]
