[2, 1, 0, 7, 3, 5, 6, 9, 8, 4, 11, 13, 10, 12, 14, 20, 20, 20, 20, 20]
[2, 1, 6, 4, 13, 5, 0, 9, 3, 20, 10, 7, 8, 12, 20, 11, 14, 20, 20, 20]
[2, 1, 9, 8, 3, 5, 6, 0, 7, 4, 11, 12, 10, 14, 13, 20, 20, 20, 20, 20]
[20, 10, 5, 2, 3, 13, 8, 9, 1, 4, 11, 7, 0, 6, 12, 20, 20, 20, 14, 20]
[20, 10, 5, 2, 3, 20, 7, 0, 1, 4, 11, 8, 9, 6, 12, 20, 20, 20, 13, 14]
[2, 1, 6, 4, 12, 5, 9, 0, 3, 13, 10, 8, 7, 20, 20, 11, 14, 20, 20, 20]
[4, 3, 10, 11, 14, 12, 8, 7, 13, 20, 5, 9, 0, 20, 20, 2, 1, 6, 20, 20]
[5, 6, 0, 7, 10, 2, 1, 9, 8, 11, 3, 4, 12, 13, 14, 20, 20, 20, 20, 20]
[5, 6, 9, 8, 10, 2, 1, 0, 7, 11, 3, 4, 14, 20, 12, 13, 20, 20, 20, 20]
[12, 10, 8, 7, 14, 6, 9, 5, 11, 20, 0, 1, 2, 20, 20, 4, 3, 13, 20, 20]
[20, 11, 8, 7, 10, 20, 12, 9, 0, 5, 20, 13, 6, 1, 2, 20, 14, 20, 3, 4]
[2, 1, 0, 7, 4, 5, 9, 6, 3, 13, 8, 10, 11, 12, 20, 14, 20, 20, 20, 20]
[12, 10, 5, 2, 11, 6, 9, 8, 13, 20, 1, 0, 7, 14, 20, 3, 4, 20, 20, 20]
[2, 3, 7, 8, 10, 1, 0, 4, 5, 11, 9, 6, 12, 20, 20, 20, 13, 14, 20, 20]
[20, 11, 7, 8, 10, 20, 20, 0, 9, 5, 13, 12, 6, 1, 2, 20, 14, 20, 3, 4]
[4, 3, 10, 11, 14, 20, 7, 8, 12, 20, 5, 0, 9, 13, 20, 2, 1, 6, 20, 20]
[20, 12, 13, 11, 10, 14, 8, 9, 6, 5, 20, 7, 0, 1, 2, 20, 20, 20, 3, 4]
[20, 20, 20, 11, 10, 14, 7, 0, 6, 5, 20, 8, 9, 1, 2, 20, 12, 13, 3, 4]
[12, 10, 7, 8, 13, 6, 0, 5, 11, 14, 9, 1, 2, 20, 20, 4, 3, 20, 20, 20]
[20, 10, 8, 9, 1, 14, 13, 7, 0, 6, 12, 4, 3, 5, 2, 20, 20, 20, 11, 20]
[10, 12, 8, 7, 20, 5, 11, 9, 0, 20, 20, 2, 1, 6, 14, 4, 3, 13, 20, 20]
[2, 1, 9, 8, 4, 5, 0, 6, 3, 13, 7, 10, 11, 12, 14, 20, 20, 20, 20, 20]
[12, 6, 1, 2, 4, 20, 0, 9, 3, 13, 5, 7, 8, 10, 11, 20, 14, 20, 20, 20]
[10, 20, 7, 8, 12, 5, 11, 0, 9, 13, 14, 2, 1, 6, 20, 4, 3, 20, 20, 20]
[20, 6, 1, 2, 4, 12, 9, 0, 3, 13, 5, 8, 7, 10, 11, 20, 14, 20, 20, 20]
[2, 3, 4, 10, 11, 1, 9, 8, 5, 14, 6, 0, 7, 13, 20, 12, 20, 20, 20, 20]
[2, 3, 4, 10, 11, 1, 0, 7, 5, 20, 6, 9, 8, 13, 20, 20, 12, 14, 20, 20]
[12, 6, 9, 8, 5, 14, 0, 1, 2, 10, 7, 4, 3, 13, 11, 20, 20, 20, 20, 20]
[12, 10, 5, 2, 11, 6, 0, 7, 13, 20, 1, 9, 8, 14, 20, 3, 4, 20, 20, 20]
[20, 6, 0, 7, 5, 12, 9, 1, 2, 10, 8, 4, 3, 13, 11, 14, 20, 20, 20, 20]
[2, 3, 8, 7, 10, 1, 9, 4, 5, 11, 0, 6, 12, 20, 20, 20, 13, 14, 20, 20]
