[20, 6, 20, 3, 4, 12, 20, 9, 10, 5, 20, 7, 11, 8, 0, 20, 20, 20, 1, 2]
[20, 0, 1, 3, 4, 20, 2, 8, 10, 5, 20, 20, 11, 9, 6, 20, 20, 20, 7, 12]
[20, 3, 4, 0, 1, 6, 5, 10, 8, 2, 7, 12, 9, 11, 20, 20, 20, 20, 20, 20]
[20, 3, 4, 6, 7, 12, 5, 10, 11, 20, 20, 0, 8, 9, 20, 20, 1, 2, 20, 20]
[20, 3, 4, 6, 7, 12, 5, 9, 11, 20, 20, 20, 10, 8, 0, 20, 20, 20, 1, 2]
[20, 0, 1, 6, 7, 20, 2, 8, 11, 12, 20, 20, 10, 9, 3, 20, 20, 20, 4, 5]
[20, 3, 4, 6, 7, 12, 5, 10, 11, 20, 20, 20, 9, 8, 0, 20, 20, 20, 1, 2]
[20, 6, 7, 3, 4, 20, 12, 10, 9, 5, 20, 20, 11, 8, 0, 20, 20, 20, 1, 2]
[20, 7, 20, 3, 4, 20, 20, 11, 10, 5, 20, 0, 8, 9, 6, 20, 1, 2, 12, 20]
[20, 20, 20, 3, 4, 20, 20, 9, 10, 5, 20, 0, 8, 11, 6, 20, 1, 2, 7, 12]
[20, 3, 4, 0, 1, 6, 5, 9, 8, 2, 7, 12, 11, 10, 20, 20, 20, 20, 20, 20]
[20, 7, 20, 3, 4, 20, 20, 11, 9, 5, 20, 0, 8, 10, 6, 20, 1, 2, 12, 20]
[20, 0, 1, 3, 4, 20, 2, 8, 10, 5, 20, 20, 9, 11, 6, 20, 20, 20, 7, 12]
[20, 6, 7, 3, 4, 20, 12, 11, 10, 5, 20, 20, 9, 8, 0, 20, 20, 20, 1, 2]
[20, 7, 12, 3, 4, 20, 20, 10, 9, 5, 20, 0, 8, 11, 6, 20, 1, 2, 20, 20]
[20, 3, 4, 0, 1, 6, 5, 10, 8, 2, 7, 12, 11, 9, 20, 20, 20, 20, 20, 20]
[20, 6, 7, 3, 4, 20, 12, 11, 9, 5, 20, 20, 10, 8, 0, 20, 20, 20, 1, 2]
[20, 0, 1, 3, 4, 20, 2, 8, 9, 5, 20, 20, 10, 11, 6, 20, 20, 20, 7, 12]
[20, 6, 7, 0, 1, 20, 12, 11, 8, 2, 20, 20, 10, 9, 3, 20, 20, 20, 4, 5]
[20, 3, 4, 0, 1, 6, 5, 9, 8, 2, 7, 12, 10, 11, 20, 20, 20, 20, 20, 20]
[20, 0, 1, 6, 7, 20, 2, 8, 11, 12, 20, 20, 9, 10, 3, 20, 20, 20, 4, 5]
[20, 0, 1, 3, 4, 20, 2, 8, 9, 5, 20, 20, 11, 10, 6, 20, 20, 20, 7, 12]
[20, 3, 4, 6, 7, 12, 5, 9, 11, 20, 20, 0, 8, 10, 20, 20, 1, 2, 20, 20]
[20, 6, 7, 0, 1, 20, 12, 11, 8, 2, 20, 20, 9, 10, 3, 20, 20, 20, 4, 5]
