[20, 1, 2, 3, 10, 9, 4, 0, 8, 11, 20, 20, 7, 6, 5, 20, 20, 20, 20, 20]
[20, 5, 10, 1, 2, 20, 11, 6, 0, 3, 20, 4, 7, 8, 9, 20, 20, 20, 20, 20]
[20, 3, 10, 4, 5, 20, 11, 8, 7, 9, 20, 20, 6, 0, 1, 20, 20, 20, 2, 20]
[20, 4, 9, 5, 10, 20, 20, 7, 6, 11, 20, 1, 0, 8, 3, 20, 2, 20, 20, 20]
[20, 1, 2, 3, 10, 9, 4, 0, 8, 11, 20, 20, 6, 7, 5, 20, 20, 20, 20, 20]
[20, 10, 11, 4, 5, 20, 20, 6, 7, 9, 20, 1, 0, 8, 3, 20, 2, 20, 20, 20]
[20, 4, 5, 1, 2, 11, 10, 7, 0, 3, 20, 20, 8, 6, 9, 20, 20, 20, 20, 20]
[20, 4, 5, 3, 10, 20, 9, 7, 8, 11, 20, 20, 6, 0, 1, 20, 20, 20, 2, 20]
[20, 5, 9, 1, 2, 11, 10, 6, 0, 3, 20, 20, 8, 7, 4, 20, 20, 20, 20, 20]
[20, 10, 9, 1, 2, 20, 11, 8, 0, 3, 20, 4, 7, 6, 5, 20, 20, 20, 20, 20]
[20, 10, 11, 4, 5, 20, 20, 6, 7, 9, 20, 20, 8, 0, 1, 20, 20, 20, 2, 3]
[20, 1, 2, 5, 10, 9, 3, 0, 6, 11, 20, 4, 7, 8, 20, 20, 20, 20, 20, 20]
[20, 3, 10, 4, 5, 20, 20, 8, 7, 9, 20, 1, 0, 6, 11, 20, 2, 20, 20, 20]
[20, 4, 9, 5, 10, 20, 20, 7, 6, 11, 20, 20, 8, 0, 1, 20, 20, 20, 2, 3]
[20, 1, 2, 4, 5, 20, 3, 0, 7, 9, 20, 20, 8, 6, 10, 20, 20, 20, 11, 20]
[20, 4, 5, 3, 10, 20, 9, 7, 8, 11, 20, 1, 0, 6, 20, 20, 2, 20, 20, 20]
[20, 4, 5, 1, 2, 11, 10, 7, 0, 3, 20, 20, 6, 8, 9, 20, 20, 20, 20, 20]
[20, 1, 2, 5, 10, 9, 3, 0, 6, 11, 20, 20, 8, 7, 4, 20, 20, 20, 20, 20]
[20, 3, 11, 5, 10, 20, 20, 8, 6, 9, 20, 20, 7, 0, 1, 20, 20, 20, 2, 4]
[20, 5, 9, 3, 10, 20, 20, 6, 8, 11, 20, 1, 0, 7, 4, 20, 2, 20, 20, 20]
[20, 1, 2, 4, 5, 20, 3, 0, 7, 9, 20, 20, 6, 8, 10, 20, 20, 20, 11, 20]
[20, 10, 9, 1, 2, 20, 11, 8, 0, 3, 20, 20, 6, 7, 4, 20, 20, 20, 5, 20]
[20, 5, 9, 3, 10, 20, 20, 6, 8, 11, 20, 20, 7, 0, 1, 20, 20, 20, 2, 4]
[20, 3, 20, 5, 10, 20, 20, 8, 6, 11, 20, 1, 0, 7, 4, 9, 2, 20, 20, 20]
