[20, 4, 5, 8, 2, 7, 6, 11, 10, 1, 20, 20, 3, 9, 0, 20, 20, 20, 20, 20]
[1, 0, 5, 4, 20, 3, 9, 6, 7, 20, 11, 10, 2, 20, 20, 8, 20, 20, 20, 20]
[20, 2, 1, 0, 6, 3, 11, 4, 5, 7, 9, 10, 20, 20, 8, 20, 20, 20, 20, 20]
[6, 2, 1, 0, 20, 5, 4, 3, 9, 20, 20, 20, 10, 11, 7, 20, 20, 20, 8, 20]
[1, 0, 5, 4, 20, 7, 6, 9, 3, 20, 20, 2, 10, 11, 8, 20, 20, 20, 20, 20]
[7, 6, 5, 4, 2, 20, 8, 10, 11, 1, 20, 20, 3, 9, 0, 20, 20, 20, 20, 20]
[6, 2, 1, 0, 7, 5, 4, 11, 9, 8, 20, 20, 3, 10, 20, 20, 20, 20, 20, 20]
[4, 2, 6, 5, 20, 3, 10, 1, 8, 20, 11, 9, 0, 20, 20, 7, 20, 20, 20, 20]
[4, 3, 11, 1, 5, 2, 10, 9, 0, 6, 20, 20, 8, 20, 7, 20, 20, 20, 20, 20]
[20, 6, 5, 4, 2, 20, 20, 10, 3, 1, 20, 7, 11, 9, 0, 20, 8, 20, 20, 20]
[2, 5, 6, 4, 8, 1, 7, 11, 3, 20, 20, 0, 9, 10, 20, 20, 20, 20, 20, 20]
[1, 0, 20, 2, 6, 20, 20, 9, 10, 5, 20, 7, 11, 3, 4, 20, 8, 20, 20, 20]
[7, 6, 5, 4, 2, 20, 8, 3, 11, 1, 20, 20, 10, 9, 0, 20, 20, 20, 20, 20]
[1, 3, 10, 2, 5, 0, 9, 11, 4, 8, 20, 20, 6, 7, 20, 20, 20, 20, 20, 20]
[20, 2, 1, 0, 6, 20, 20, 10, 9, 5, 20, 20, 3, 11, 4, 20, 20, 20, 7, 8]
[1, 0, 7, 4, 5, 20, 8, 9, 11, 6, 20, 20, 3, 10, 2, 20, 20, 20, 20, 20]
[1, 0, 6, 2, 20, 3, 9, 5, 20, 20, 10, 11, 4, 20, 20, 20, 7, 8, 20, 20]
[6, 2, 1, 0, 7, 5, 4, 11, 9, 8, 20, 20, 10, 3, 20, 20, 20, 20, 20, 20]
[20, 2, 5, 4, 20, 1, 6, 10, 3, 20, 7, 0, 9, 11, 8, 20, 20, 20, 20, 20]
[20, 1, 7, 6, 20, 2, 8, 0, 20, 20, 5, 10, 9, 20, 20, 4, 11, 3, 20, 20]
[1, 0, 5, 4, 20, 7, 6, 9, 3, 20, 20, 8, 11, 10, 2, 20, 20, 20, 20, 20]
[1, 0, 20, 2, 6, 20, 20, 9, 10, 5, 20, 20, 3, 11, 4, 20, 20, 20, 7, 8]
[20, 3, 9, 0, 1, 4, 11, 10, 2, 8, 5, 6, 7, 20, 20, 20, 20, 20, 20, 20]
[1, 3, 11, 4, 5, 0, 9, 10, 2, 6, 20, 20, 8, 20, 7, 20, 20, 20, 20, 20]
[20, 5, 6, 4, 2, 8, 7, 11, 3, 1, 20, 20, 10, 9, 0, 20, 20, 20, 20, 20]
[20, 4, 20, 2, 7, 1, 20, 3, 10, 6, 20, 0, 9, 11, 5, 20, 20, 20, 8, 20]
[20, 3, 10, 1, 2, 4, 11, 9, 0, 8, 5, 6, 7, 20, 20, 20, 20, 20, 20, 20]
[1, 0, 8, 4, 5, 20, 20, 9, 11, 6, 20, 2, 10, 3, 7, 20, 20, 20, 20, 20]
[20, 2, 4, 5, 6, 3, 11, 1, 7, 8, 10, 9, 0, 20, 20, 20, 20, 20, 20, 20]
[1, 8, 7, 6, 20, 0, 20, 2, 20, 20, 5, 9, 10, 20, 20, 4, 11, 3, 20, 20]
[20, 2, 1, 0, 6, 20, 20, 10, 9, 5, 20, 7, 11, 3, 4, 20, 8, 20, 20, 20]
[20, 2, 8, 4, 5, 1, 20, 10, 11, 6, 20, 0, 9, 3, 7, 20, 20, 20, 20, 20]
[20, 4, 20, 20, 2, 20, 20, 3, 10, 1, 20, 5, 11, 9, 0, 7, 6, 8, 20, 20]
[4, 2, 1, 0, 20, 3, 10, 6, 7, 20, 9, 11, 5, 20, 20, 20, 8, 20, 20, 20]
[20, 3, 9, 0, 1, 2, 10, 11, 4, 5, 20, 20, 7, 8, 6, 20, 20, 20, 20, 20]
[6, 2, 1, 0, 20, 5, 4, 3, 9, 20, 20, 7, 11, 10, 20, 20, 8, 20, 20, 20]
[2, 8, 20, 4, 5, 1, 20, 3, 11, 6, 20, 0, 9, 10, 7, 20, 20, 20, 20, 20]
[20, 4, 5, 2, 8, 1, 6, 11, 10, 20, 7, 0, 9, 3, 20, 20, 20, 20, 20, 20]
