[20, 6, 7, 4, 20, 1, 2, 8, 20, 20, 3, 0, 5, 20, 20, 20, 20, 20, 20, 20]
[20, 20, 20, 6, 7, 20, 20, 1, 2, 8, 20, 4, 3, 0, 5, 20, 20, 20, 20, 20]
[20, 1, 0, 5, 7, 4, 3, 2, 6, 20, 20, 20, 8, 20, 20, 20, 20, 20, 20, 20]
[20, 2, 0, 5, 6, 20, 1, 3, 4, 8, 20, 20, 7, 20, 20, 20, 20, 20, 20, 20]
[6, 5, 8, 4, 20, 1, 0, 20, 20, 20, 3, 2, 7, 20, 20, 20, 20, 20, 20, 20]
[6, 5, 20, 20, 20, 2, 0, 20, 20, 20, 1, 3, 4, 20, 20, 8, 7, 20, 20, 20]
[20, 6, 8, 5, 20, 20, 20, 1, 0, 20, 20, 4, 3, 2, 7, 20, 20, 20, 20, 20]
[20, 20, 20, 6, 7, 20, 20, 1, 2, 8, 20, 5, 0, 3, 4, 20, 20, 20, 20, 20]
[20, 6, 7, 5, 20, 1, 2, 8, 20, 20, 0, 3, 4, 20, 20, 20, 20, 20, 20, 20]
[20, 1, 2, 6, 8, 5, 0, 3, 4, 20, 20, 20, 7, 20, 20, 20, 20, 20, 20, 20]
[20, 6, 7, 5, 20, 20, 8, 2, 0, 20, 20, 4, 3, 1, 20, 20, 20, 20, 20, 20]
[20, 2, 0, 5, 7, 4, 3, 1, 6, 20, 20, 20, 8, 20, 20, 20, 20, 20, 20, 20]
[6, 1, 2, 8, 20, 4, 3, 0, 5, 20, 7, 20, 20, 20, 20, 20, 20, 20, 20, 20]
[6, 5, 8, 4, 20, 2, 0, 20, 20, 20, 3, 1, 20, 20, 20, 7, 20, 20, 20, 20]
[20, 6, 20, 4, 7, 20, 20, 1, 3, 8, 20, 20, 2, 0, 5, 20, 20, 20, 20, 20]
[20, 1, 3, 4, 8, 6, 2, 0, 5, 20, 7, 20, 20, 20, 20, 20, 20, 20, 20, 20]
[6, 4, 7, 20, 20, 1, 3, 8, 20, 20, 2, 0, 5, 20, 20, 20, 20, 20, 20, 20]
[20, 4, 20, 6, 7, 20, 20, 3, 2, 8, 20, 20, 1, 0, 5, 20, 20, 20, 20, 20]
[4, 3, 0, 5, 7, 20, 1, 2, 6, 20, 20, 20, 8, 20, 20, 20, 20, 20, 20, 20]
[4, 5, 8, 20, 20, 3, 0, 7, 20, 20, 1, 2, 6, 20, 20, 20, 20, 20, 20, 20]
[5, 0, 2, 6, 8, 20, 1, 3, 4, 20, 20, 20, 7, 20, 20, 20, 20, 20, 20, 20]
[5, 6, 7, 4, 20, 0, 2, 8, 20, 20, 3, 1, 20, 20, 20, 20, 20, 20, 20, 20]
[4, 3, 1, 7, 20, 5, 0, 2, 6, 20, 20, 20, 8, 20, 20, 20, 20, 20, 20, 20]
[4, 6, 8, 5, 20, 3, 1, 20, 20, 20, 0, 2, 7, 20, 20, 20, 20, 20, 20, 20]
[5, 0, 2, 7, 20, 4, 3, 1, 6, 20, 20, 20, 8, 20, 20, 20, 20, 20, 20, 20]
[7, 6, 8, 4, 20, 2, 1, 20, 20, 20, 3, 0, 5, 20, 20, 20, 20, 20, 20, 20]
[20, 4, 20, 6, 7, 20, 20, 3, 2, 8, 20, 5, 0, 1, 20, 20, 20, 20, 20, 20]
[6, 5, 20, 20, 20, 1, 0, 20, 20, 20, 2, 3, 4, 20, 20, 8, 7, 20, 20, 20]
[6, 2, 1, 8, 20, 4, 3, 0, 5, 20, 7, 20, 20, 20, 20, 20, 20, 20, 20, 20]
[20, 5, 6, 4, 7, 20, 20, 0, 3, 8, 20, 20, 1, 2, 20, 20, 20, 20, 20, 20]
[20, 1, 0, 5, 6, 20, 2, 3, 4, 8, 20, 20, 7, 20, 20, 20, 20, 20, 20, 20]
[5, 6, 7, 20, 20, 0, 2, 8, 20, 20, 1, 3, 4, 20, 20, 20, 20, 20, 20, 20]
[20, 7, 20, 6, 8, 20, 20, 2, 1, 20, 20, 5, 0, 3, 4, 20, 20, 20, 20, 20]
[20, 6, 7, 5, 20, 20, 8, 2, 0, 20, 20, 20, 1, 3, 4, 20, 20, 20, 20, 20]
[20, 5, 7, 6, 8, 20, 20, 0, 1, 20, 20, 4, 3, 2, 20, 20, 20, 20, 20, 20]
[20, 6, 20, 4, 7, 20, 20, 2, 3, 8, 20, 5, 0, 1, 20, 20, 20, 20, 20, 20]
[20, 4, 7, 6, 8, 20, 20, 3, 1, 20, 20, 20, 2, 0, 5, 20, 20, 20, 20, 20]
[20, 4, 7, 5, 20, 20, 8, 3, 0, 20, 20, 20, 2, 1, 6, 20, 20, 20, 20, 20]
[4, 5, 8, 20, 20, 3, 0, 7, 20, 20, 2, 1, 6, 20, 20, 20, 20, 20, 20, 20]
[4, 3, 0, 5, 7, 20, 2, 1, 6, 20, 20, 20, 8, 20, 20, 20, 20, 20, 20, 20]
[5, 6, 8, 20, 20, 0, 1, 20, 20, 20, 2, 3, 4, 20, 20, 20, 7, 20, 20, 20]
[20, 5, 7, 6, 8, 20, 20, 0, 1, 20, 20, 20, 2, 3, 4, 20, 20, 20, 20, 20]
[5, 0, 1, 6, 8, 20, 2, 3, 4, 20, 20, 20, 7, 20, 20, 20, 20, 20, 20, 20]
[20, 5, 6, 4, 7, 20, 20, 0, 3, 8, 20, 20, 2, 1, 20, 20, 20, 20, 20, 20]
[5, 0, 3, 4, 7, 20, 2, 1, 6, 20, 20, 20, 8, 20, 20, 20, 20, 20, 20, 20]
[5, 4, 7, 20, 20, 0, 3, 8, 20, 20, 2, 1, 6, 20, 20, 20, 20, 20, 20, 20]
[6, 4, 7, 5, 20, 1, 3, 8, 20, 20, 0, 2, 20, 20, 20, 20, 20, 20, 20, 20]
[20, 6, 20, 4, 7, 20, 20, 1, 3, 8, 20, 5, 0, 2, 20, 20, 20, 20, 20, 20]
[20, 1, 3, 4, 7, 5, 0, 2, 6, 20, 20, 20, 8, 20, 20, 20, 20, 20, 20, 20]
[20, 6, 20, 4, 7, 20, 20, 2, 3, 8, 20, 20, 1, 0, 5, 20, 20, 20, 20, 20]
[6, 4, 7, 20, 20, 2, 3, 8, 20, 20, 1, 0, 5, 20, 20, 20, 20, 20, 20, 20]
[7, 2, 3, 4, 8, 6, 1, 0, 5, 20, 20, 20, 20, 20, 20, 20, 20, 20, 20, 20]
[20, 4, 7, 5, 20, 20, 8, 3, 0, 20, 20, 20, 1, 2, 6, 20, 20, 20, 20, 20]
[20, 5, 20, 6, 7, 20, 20, 0, 2, 8, 20, 4, 3, 1, 20, 20, 20, 20, 20, 20]
[4, 3, 2, 8, 20, 6, 1, 0, 5, 20, 7, 20, 20, 20, 20, 20, 20, 20, 20, 20]
[4, 6, 7, 20, 20, 3, 2, 8, 20, 20, 1, 0, 5, 20, 20, 20, 20, 20, 20, 20]
[20, 4, 7, 6, 8, 20, 20, 3, 1, 20, 20, 5, 0, 2, 20, 20, 20, 20, 20, 20]
[20, 7, 20, 6, 8, 20, 20, 2, 1, 20, 20, 4, 3, 0, 5, 20, 20, 20, 20, 20]
[20, 6, 8, 5, 20, 20, 20, 1, 0, 20, 20, 20, 2, 3, 4, 20, 20, 20, 7, 20]
[4, 6, 7, 5, 20, 3, 2, 8, 20, 20, 0, 1, 20, 20, 20, 20, 20, 20, 20, 20]
[5, 4, 7, 20, 20, 0, 3, 8, 20, 20, 1, 2, 6, 20, 20, 20, 20, 20, 20, 20]
[4, 3, 2, 7, 20, 5, 0, 1, 6, 20, 20, 20, 8, 20, 20, 20, 20, 20, 20, 20]
[5, 0, 3, 4, 7, 20, 1, 2, 6, 20, 20, 20, 8, 20, 20, 20, 20, 20, 20, 20]
[20, 5, 20, 6, 7, 20, 20, 0, 2, 8, 20, 20, 1, 3, 4, 20, 20, 20, 20, 20]
[7, 6, 8, 5, 20, 2, 1, 20, 20, 20, 0, 3, 4, 20, 20, 20, 20, 20, 20, 20]
[20, 2, 1, 6, 8, 5, 0, 3, 4, 20, 20, 20, 7, 20, 20, 20, 20, 20, 20, 20]
[5, 6, 8, 4, 20, 0, 1, 20, 20, 20, 3, 2, 7, 20, 20, 20, 20, 20, 20, 20]
[5, 0, 1, 7, 20, 4, 3, 2, 6, 20, 20, 20, 8, 20, 20, 20, 20, 20, 20, 20]
[6, 4, 7, 5, 20, 2, 3, 8, 20, 20, 0, 1, 20, 20, 20, 20, 20, 20, 20, 20]
[4, 3, 1, 8, 20, 6, 2, 0, 5, 20, 7, 20, 20, 20, 20, 20, 20, 20, 20, 20]
[20, 2, 3, 4, 7, 5, 0, 1, 6, 20, 20, 20, 8, 20, 20, 20, 20, 20, 20, 20]
[4, 6, 8, 7, 20, 3, 1, 20, 20, 20, 2, 0, 5, 20, 20, 20, 20, 20, 20, 20]
