[20, 4, 5, 8, 20, 1, 2, 6, 7, 20, 3, 0, 20, 20, 20, 20, 20, 20, 20, 20]
[20, 20, 20, 4, 5, 20, 20, 1, 2, 6, 20, 20, 3, 0, 7, 20, 20, 20, 8, 20]
[20, 1, 0, 6, 20, 8, 3, 2, 4, 20, 20, 20, 5, 7, 20, 20, 20, 20, 20, 20]
[20, 2, 0, 6, 7, 4, 1, 3, 5, 8, 20, 20, 20, 20, 20, 20, 20, 20, 20, 20]
[20, 4, 5, 8, 20, 1, 0, 6, 7, 20, 3, 2, 20, 20, 20, 20, 20, 20, 20, 20]
[20, 4, 5, 8, 20, 2, 0, 6, 7, 20, 1, 3, 20, 20, 20, 20, 20, 20, 20, 20]
[20, 20, 20, 4, 5, 20, 20, 1, 0, 6, 20, 20, 3, 2, 7, 20, 20, 20, 8, 20]
[20, 20, 20, 4, 5, 20, 20, 1, 2, 6, 20, 20, 0, 3, 7, 20, 20, 20, 8, 20]
[20, 4, 5, 8, 20, 1, 2, 6, 7, 20, 0, 3, 20, 20, 20, 20, 20, 20, 20, 20]
[20, 1, 2, 6, 7, 4, 0, 3, 5, 8, 20, 20, 20, 20, 20, 20, 20, 20, 20, 20]
[20, 20, 20, 4, 5, 20, 20, 2, 0, 6, 20, 20, 3, 1, 7, 20, 20, 20, 8, 20]
[20, 2, 0, 6, 20, 8, 3, 1, 4, 20, 20, 20, 5, 7, 20, 20, 20, 20, 20, 20]
[20, 1, 2, 6, 7, 20, 3, 0, 4, 20, 20, 20, 5, 8, 20, 20, 20, 20, 20, 20]
[20, 4, 5, 8, 20, 2, 0, 6, 7, 20, 3, 1, 20, 20, 20, 20, 20, 20, 20, 20]
[20, 4, 7, 5, 6, 20, 20, 1, 3, 8, 20, 20, 2, 0, 20, 20, 20, 20, 20, 20]
[20, 1, 3, 6, 20, 7, 2, 0, 4, 20, 20, 20, 5, 8, 20, 20, 20, 20, 20, 20]
[4, 5, 6, 7, 20, 1, 3, 8, 20, 20, 2, 0, 20, 20, 20, 20, 20, 20, 20, 20]
[20, 8, 20, 4, 5, 20, 20, 3, 2, 6, 20, 20, 1, 0, 7, 20, 20, 20, 20, 20]
[20, 3, 0, 6, 8, 20, 1, 2, 4, 20, 20, 20, 5, 7, 20, 20, 20, 20, 20, 20]
[20, 4, 5, 8, 20, 3, 0, 6, 7, 20, 1, 2, 20, 20, 20, 20, 20, 20, 20, 20]
[20, 0, 2, 6, 7, 4, 1, 3, 5, 8, 20, 20, 20, 20, 20, 20, 20, 20, 20, 20]
[20, 4, 5, 8, 20, 0, 2, 6, 7, 20, 3, 1, 20, 20, 20, 20, 20, 20, 20, 20]
[20, 3, 1, 6, 20, 8, 0, 2, 4, 20, 20, 20, 5, 7, 20, 20, 20, 20, 20, 20]
[20, 4, 5, 8, 20, 3, 1, 6, 7, 20, 0, 2, 20, 20, 20, 20, 20, 20, 20, 20]
[20, 0, 2, 6, 20, 8, 3, 1, 4, 20, 20, 20, 5, 7, 20, 20, 20, 20, 20, 20]
[20, 4, 5, 8, 20, 2, 1, 6, 7, 20, 3, 0, 20, 20, 20, 20, 20, 20, 20, 20]
[20, 8, 20, 4, 5, 20, 20, 3, 2, 6, 20, 20, 0, 1, 7, 20, 20, 20, 20, 20]
[20, 4, 5, 8, 20, 1, 0, 6, 7, 20, 2, 3, 20, 20, 20, 20, 20, 20, 20, 20]
[20, 2, 1, 6, 7, 20, 3, 0, 4, 20, 20, 20, 5, 8, 20, 20, 20, 20, 20, 20]
[20, 4, 20, 5, 6, 20, 20, 0, 3, 7, 20, 20, 1, 2, 8, 20, 20, 20, 20, 20]
[20, 1, 0, 6, 7, 4, 2, 3, 5, 8, 20, 20, 20, 20, 20, 20, 20, 20, 20, 20]
[20, 4, 5, 8, 20, 0, 2, 6, 7, 20, 1, 3, 20, 20, 20, 20, 20, 20, 20, 20]
[20, 20, 20, 4, 5, 20, 20, 2, 1, 6, 20, 20, 0, 3, 7, 20, 20, 20, 8, 20]
[20, 20, 20, 4, 5, 20, 20, 2, 0, 6, 20, 20, 1, 3, 7, 20, 20, 20, 8, 20]
[20, 8, 20, 4, 5, 20, 20, 0, 1, 6, 20, 20, 3, 2, 7, 20, 20, 20, 20, 20]
[20, 4, 7, 5, 6, 20, 20, 2, 3, 8, 20, 20, 0, 1, 20, 20, 20, 20, 20, 20]
[20, 8, 20, 4, 5, 20, 20, 3, 1, 6, 20, 20, 2, 0, 7, 20, 20, 20, 20, 20]
[20, 8, 20, 4, 5, 20, 20, 3, 0, 6, 20, 20, 2, 1, 7, 20, 20, 20, 20, 20]
[20, 4, 5, 8, 20, 3, 0, 6, 7, 20, 2, 1, 20, 20, 20, 20, 20, 20, 20, 20]
[20, 3, 0, 6, 8, 20, 2, 1, 4, 20, 20, 20, 5, 7, 20, 20, 20, 20, 20, 20]
[20, 4, 5, 8, 20, 0, 1, 6, 7, 20, 2, 3, 20, 20, 20, 20, 20, 20, 20, 20]
[20, 8, 20, 4, 5, 20, 20, 0, 1, 6, 20, 20, 2, 3, 7, 20, 20, 20, 20, 20]
[20, 0, 1, 6, 7, 4, 2, 3, 5, 8, 20, 20, 20, 20, 20, 20, 20, 20, 20, 20]
[20, 4, 20, 5, 6, 20, 20, 0, 3, 7, 20, 20, 2, 1, 8, 20, 20, 20, 20, 20]
[20, 0, 3, 6, 8, 20, 2, 1, 4, 20, 20, 20, 5, 7, 20, 20, 20, 20, 20, 20]
[4, 5, 6, 7, 20, 0, 3, 8, 20, 20, 2, 1, 20, 20, 20, 20, 20, 20, 20, 20]
[4, 5, 6, 7, 20, 1, 3, 8, 20, 20, 0, 2, 20, 20, 20, 20, 20, 20, 20, 20]
[20, 4, 7, 5, 6, 20, 20, 1, 3, 8, 20, 20, 0, 2, 20, 20, 20, 20, 20, 20]
[20, 1, 3, 6, 20, 8, 0, 2, 4, 20, 20, 20, 5, 7, 20, 20, 20, 20, 20, 20]
[20, 4, 7, 5, 6, 20, 20, 2, 3, 8, 20, 20, 1, 0, 20, 20, 20, 20, 20, 20]
[4, 5, 6, 7, 20, 2, 3, 8, 20, 20, 1, 0, 20, 20, 20, 20, 20, 20, 20, 20]
[20, 2, 3, 6, 20, 7, 1, 0, 4, 20, 20, 20, 5, 8, 20, 20, 20, 20, 20, 20]
[20, 8, 20, 4, 5, 20, 20, 3, 0, 6, 20, 20, 1, 2, 7, 20, 20, 20, 20, 20]
[20, 8, 20, 4, 5, 20, 20, 0, 2, 6, 20, 20, 3, 1, 7, 20, 20, 20, 20, 20]
[20, 3, 2, 6, 20, 7, 1, 0, 4, 20, 20, 20, 5, 8, 20, 20, 20, 20, 20, 20]
[20, 4, 5, 8, 20, 3, 2, 6, 7, 20, 1, 0, 20, 20, 20, 20, 20, 20, 20, 20]
[20, 8, 20, 4, 5, 20, 20, 3, 1, 6, 20, 20, 0, 2, 7, 20, 20, 20, 20, 20]
[20, 20, 20, 4, 5, 20, 20, 2, 1, 6, 20, 20, 3, 0, 7, 20, 20, 20, 8, 20]
[20, 20, 20, 4, 5, 20, 20, 1, 0, 6, 20, 20, 2, 3, 7, 20, 20, 20, 8, 20]
[20, 4, 5, 8, 20, 3, 2, 6, 7, 20, 0, 1, 20, 20, 20, 20, 20, 20, 20, 20]
[4, 5, 6, 7, 20, 0, 3, 8, 20, 20, 1, 2, 20, 20, 20, 20, 20, 20, 20, 20]
[20, 3, 2, 6, 20, 8, 0, 1, 4, 20, 20, 20, 5, 7, 20, 20, 20, 20, 20, 20]
[20, 0, 3, 6, 8, 20, 1, 2, 4, 20, 20, 20, 5, 7, 20, 20, 20, 20, 20, 20]
[20, 8, 20, 4, 5, 20, 20, 0, 2, 6, 20, 20, 1, 3, 7, 20, 20, 20, 20, 20]
[20, 4, 5, 8, 20, 2, 1, 6, 7, 20, 0, 3, 20, 20, 20, 20, 20, 20, 20, 20]
[20, 2, 1, 6, 7, 4, 0, 3, 5, 8, 20, 20, 20, 20, 20, 20, 20, 20, 20, 20]
[20, 4, 5, 8, 20, 0, 1, 6, 7, 20, 3, 2, 20, 20, 20, 20, 20, 20, 20, 20]
[20, 0, 1, 6, 20, 8, 3, 2, 4, 20, 20, 20, 5, 7, 20, 20, 20, 20, 20, 20]
[4, 5, 6, 7, 20, 2, 3, 8, 20, 20, 0, 1, 20, 20, 20, 20, 20, 20, 20, 20]
[20, 3, 1, 6, 20, 7, 2, 0, 4, 20, 20, 20, 5, 8, 20, 20, 20, 20, 20, 20]
[20, 2, 3, 6, 20, 8, 0, 1, 4, 20, 20, 20, 5, 7, 20, 20, 20, 20, 20, 20]
[20, 4, 5, 8, 20, 3, 1, 6, 7, 20, 2, 0, 20, 20, 20, 20, 20, 20, 20, 20]
