[20, 2, 3, 7, 20, 5, 1, 0, 4, 20, 20, 20, 6, 20, 20, 20, 20, 20, 20, 20]
[20, 20, 20, 4, 5, 20, 20, 3, 1, 6, 20, 20, 2, 0, 7, 20, 20, 20, 20, 20]
[7, 4, 20, 20, 20, 2, 3, 20, 20, 20, 0, 1, 5, 20, 20, 20, 6, 20, 20, 20]
[5, 4, 6, 7, 20, 1, 0, 20, 20, 20, 2, 3, 20, 20, 20, 20, 20, 20, 20, 20]
[6, 0, 1, 5, 7, 20, 3, 2, 4, 20, 20, 20, 20, 20, 20, 20, 20, 20, 20, 20]
[20, 0, 2, 7, 20, 5, 1, 3, 4, 20, 6, 20, 20, 20, 20, 20, 20, 20, 20, 20]
[20, 6, 7, 4, 20, 20, 20, 0, 3, 20, 20, 5, 1, 2, 20, 20, 20, 20, 20, 20]
[6, 4, 20, 7, 20, 0, 3, 20, 20, 20, 2, 1, 5, 20, 20, 20, 20, 20, 20, 20]
[6, 0, 1, 5, 7, 20, 2, 3, 4, 20, 20, 20, 20, 20, 20, 20, 20, 20, 20, 20]
[20, 4, 7, 20, 20, 3, 2, 20, 20, 20, 0, 1, 5, 20, 20, 20, 6, 20, 20, 20]
[20, 5, 6, 4, 7, 20, 20, 1, 2, 20, 20, 20, 0, 3, 20, 20, 20, 20, 20, 20]
[20, 6, 20, 4, 7, 20, 20, 0, 2, 20, 20, 5, 1, 3, 20, 20, 20, 20, 20, 20]
[6, 4, 7, 20, 20, 0, 2, 20, 20, 20, 3, 1, 5, 20, 20, 20, 20, 20, 20, 20]
[20, 3, 1, 5, 7, 6, 0, 2, 4, 20, 20, 20, 20, 20, 20, 20, 20, 20, 20, 20]
[20, 7, 20, 4, 6, 20, 20, 2, 0, 20, 20, 5, 1, 3, 20, 20, 20, 20, 20, 20]
[20, 3, 0, 7, 20, 20, 2, 1, 4, 20, 20, 20, 5, 6, 20, 20, 20, 20, 20, 20]
[20, 20, 20, 4, 5, 20, 20, 0, 1, 6, 20, 20, 2, 3, 7, 20, 20, 20, 20, 20]
[5, 1, 2, 7, 20, 6, 0, 3, 4, 20, 20, 20, 20, 20, 20, 20, 20, 20, 20, 20]
[20, 4, 5, 20, 20, 3, 1, 6, 7, 20, 2, 0, 20, 20, 20, 20, 20, 20, 20, 20]
[6, 4, 20, 5, 20, 0, 3, 20, 20, 20, 1, 2, 7, 20, 20, 20, 20, 20, 20, 20]
[20, 6, 20, 4, 7, 20, 20, 0, 2, 20, 20, 20, 3, 1, 5, 20, 20, 20, 20, 20]
[5, 4, 6, 7, 20, 1, 0, 20, 20, 20, 3, 2, 20, 20, 20, 20, 20, 20, 20, 20]
[20, 3, 2, 7, 20, 5, 1, 0, 4, 20, 20, 20, 6, 20, 20, 20, 20, 20, 20, 20]
[20, 7, 20, 4, 20, 20, 20, 2, 3, 20, 20, 5, 1, 0, 6, 20, 20, 20, 20, 20]
[5, 4, 7, 20, 20, 1, 2, 20, 20, 20, 3, 0, 6, 20, 20, 20, 20, 20, 20, 20]
[20, 4, 5, 20, 20, 2, 1, 6, 7, 20, 3, 0, 20, 20, 20, 20, 20, 20, 20, 20]
[5, 1, 3, 7, 20, 20, 2, 0, 4, 20, 20, 20, 6, 20, 20, 20, 20, 20, 20, 20]
[20, 0, 2, 7, 20, 20, 3, 1, 4, 20, 20, 20, 5, 6, 20, 20, 20, 20, 20, 20]
[7, 4, 6, 5, 20, 2, 0, 20, 20, 20, 1, 3, 20, 20, 20, 20, 20, 20, 20, 20]
[20, 20, 20, 4, 7, 20, 20, 3, 2, 20, 20, 20, 0, 1, 5, 20, 20, 20, 6, 20]
[5, 1, 0, 6, 7, 20, 2, 3, 4, 20, 20, 20, 20, 20, 20, 20, 20, 20, 20, 20]
[20, 20, 20, 4, 5, 20, 20, 2, 1, 6, 20, 20, 0, 3, 7, 20, 20, 20, 20, 20]
[20, 5, 6, 4, 7, 20, 20, 1, 2, 20, 20, 20, 3, 0, 20, 20, 20, 20, 20, 20]
[6, 4, 7, 5, 20, 0, 2, 20, 20, 20, 1, 3, 20, 20, 20, 20, 20, 20, 20, 20]
[20, 6, 7, 4, 20, 20, 20, 0, 3, 20, 20, 20, 2, 1, 5, 20, 20, 20, 20, 20]
[20, 5, 6, 4, 7, 20, 20, 1, 3, 20, 20, 20, 0, 2, 20, 20, 20, 20, 20, 20]
[20, 5, 6, 4, 7, 20, 20, 1, 3, 20, 20, 20, 2, 0, 20, 20, 20, 20, 20, 20]
[20, 3, 0, 7, 20, 5, 1, 2, 4, 20, 6, 20, 20, 20, 20, 20, 20, 20, 20, 20]
[20, 2, 0, 7, 20, 20, 3, 1, 4, 20, 20, 20, 5, 6, 20, 20, 20, 20, 20, 20]
[20, 2, 3, 7, 20, 20, 0, 1, 4, 20, 20, 20, 5, 6, 20, 20, 20, 20, 20, 20]
[20, 2, 1, 5, 7, 6, 0, 3, 4, 20, 20, 20, 20, 20, 20, 20, 20, 20, 20, 20]
[7, 4, 20, 5, 20, 2, 3, 20, 20, 20, 1, 0, 6, 20, 20, 20, 20, 20, 20, 20]
[20, 3, 2, 7, 20, 20, 0, 1, 4, 20, 20, 20, 5, 6, 20, 20, 20, 20, 20, 20]
[20, 4, 5, 20, 20, 0, 1, 6, 7, 20, 2, 3, 20, 20, 20, 20, 20, 20, 20, 20]
[20, 20, 20, 4, 6, 20, 20, 3, 0, 7, 20, 20, 2, 1, 5, 20, 20, 20, 20, 20]
[20, 4, 5, 20, 20, 0, 1, 6, 7, 20, 3, 2, 20, 20, 20, 20, 20, 20, 20, 20]
[20, 0, 3, 7, 20, 20, 2, 1, 4, 20, 20, 20, 5, 6, 20, 20, 20, 20, 20, 20]
[5, 1, 3, 7, 20, 6, 0, 2, 4, 20, 20, 20, 20, 20, 20, 20, 20, 20, 20, 20]
[20, 5, 20, 4, 6, 20, 20, 1, 0, 7, 20, 20, 3, 2, 20, 20, 20, 20, 20, 20]
[20, 20, 20, 4, 6, 20, 20, 3, 0, 7, 20, 5, 1, 2, 20, 20, 20, 20, 20, 20]
[20, 7, 20, 4, 6, 20, 20, 2, 0, 20, 20, 20, 3, 1, 5, 20, 20, 20, 20, 20]
[20, 20, 20, 4, 5, 20, 20, 2, 1, 6, 20, 20, 3, 0, 7, 20, 20, 20, 20, 20]
[20, 7, 20, 4, 20, 20, 20, 2, 3, 20, 20, 20, 0, 1, 5, 20, 20, 20, 6, 20]
[5, 4, 20, 20, 20, 1, 3, 7, 20, 20, 2, 0, 6, 20, 20, 20, 20, 20, 20, 20]
[20, 0, 3, 7, 20, 5, 1, 2, 4, 20, 6, 20, 20, 20, 20, 20, 20, 20, 20, 20]
[20, 3, 1, 5, 7, 20, 2, 0, 4, 20, 20, 20, 6, 20, 20, 20, 20, 20, 20, 20]
[20, 20, 20, 4, 7, 20, 20, 3, 2, 20, 20, 5, 1, 0, 6, 20, 20, 20, 20, 20]
[20, 4, 5, 20, 20, 3, 1, 6, 7, 20, 0, 2, 20, 20, 20, 20, 20, 20, 20, 20]
[5, 1, 0, 6, 7, 20, 3, 2, 4, 20, 20, 20, 20, 20, 20, 20, 20, 20, 20, 20]
[5, 4, 7, 6, 20, 1, 3, 20, 20, 20, 0, 2, 20, 20, 20, 20, 20, 20, 20, 20]
[20, 4, 5, 20, 20, 2, 1, 6, 7, 20, 0, 3, 20, 20, 20, 20, 20, 20, 20, 20]
[20, 2, 1, 5, 7, 20, 3, 0, 4, 20, 20, 20, 6, 20, 20, 20, 20, 20, 20, 20]
[20, 4, 6, 7, 20, 3, 0, 20, 20, 20, 2, 1, 5, 20, 20, 20, 20, 20, 20, 20]
[20, 20, 20, 4, 5, 20, 20, 3, 1, 6, 20, 20, 0, 2, 7, 20, 20, 20, 20, 20]
[20, 5, 20, 4, 6, 20, 20, 1, 0, 7, 20, 20, 2, 3, 20, 20, 20, 20, 20, 20]
[20, 4, 6, 5, 20, 3, 0, 7, 20, 20, 1, 2, 20, 20, 20, 20, 20, 20, 20, 20]
[5, 1, 2, 7, 20, 20, 3, 0, 4, 20, 20, 20, 6, 20, 20, 20, 20, 20, 20, 20]
[20, 2, 0, 7, 20, 5, 1, 3, 4, 20, 6, 20, 20, 20, 20, 20, 20, 20, 20, 20]
[5, 4, 7, 6, 20, 1, 2, 20, 20, 20, 0, 3, 20, 20, 20, 20, 20, 20, 20, 20]
[7, 4, 6, 20, 20, 2, 0, 20, 20, 20, 3, 1, 5, 20, 20, 20, 20, 20, 20, 20]
[20, 4, 7, 5, 20, 3, 2, 20, 20, 20, 1, 0, 6, 20, 20, 20, 20, 20, 20, 20]
[20, 20, 20, 4, 5, 20, 20, 0, 1, 6, 20, 20, 3, 2, 7, 20, 20, 20, 20, 20]
