[6, 5, 7, 20, 20, 1, 2, 8, 20, 20, 3, 0, 4, 20, 20, 20, 20, 20, 20, 20]
[20, 6, 20, 5, 7, 20, 20, 1, 2, 8, 20, 20, 3, 0, 4, 20, 20, 20, 20, 20]
[6, 1, 0, 7, 8, 4, 3, 2, 5, 20, 20, 20, 20, 20, 20, 20, 20, 20, 20, 20]
[20, 2, 0, 5, 7, 6, 1, 3, 4, 8, 20, 20, 20, 20, 20, 20, 20, 20, 20, 20]
[6, 4, 5, 8, 20, 1, 0, 7, 20, 20, 3, 2, 20, 20, 20, 20, 20, 20, 20, 20]
[8, 4, 5, 6, 20, 2, 0, 7, 20, 20, 1, 3, 20, 20, 20, 20, 20, 20, 20, 20]
[20, 6, 8, 4, 5, 20, 20, 1, 0, 7, 20, 20, 3, 2, 20, 20, 20, 20, 20, 20]
[20, 6, 20, 5, 7, 20, 20, 1, 2, 8, 20, 20, 0, 3, 4, 20, 20, 20, 20, 20]
[6, 5, 7, 20, 20, 1, 2, 8, 20, 20, 0, 3, 4, 20, 20, 20, 20, 20, 20, 20]
[6, 1, 2, 5, 7, 20, 0, 3, 4, 8, 20, 20, 20, 20, 20, 20, 20, 20, 20, 20]
[20, 8, 20, 4, 5, 20, 20, 2, 0, 7, 20, 20, 3, 1, 6, 20, 20, 20, 20, 20]
[20, 2, 0, 7, 8, 4, 3, 1, 5, 20, 20, 20, 6, 20, 20, 20, 20, 20, 20, 20]
[6, 1, 2, 5, 7, 20, 3, 0, 4, 8, 20, 20, 20, 20, 20, 20, 20, 20, 20, 20]
[8, 4, 5, 20, 20, 2, 0, 7, 20, 20, 3, 1, 6, 20, 20, 20, 20, 20, 20, 20]
[20, 6, 8, 4, 5, 20, 20, 1, 3, 7, 20, 20, 2, 0, 20, 20, 20, 20, 20, 20]
[6, 1, 3, 5, 7, 20, 2, 0, 4, 8, 20, 20, 20, 20, 20, 20, 20, 20, 20, 20]
[6, 4, 5, 8, 20, 1, 3, 7, 20, 20, 2, 0, 20, 20, 20, 20, 20, 20, 20, 20]
[20, 4, 20, 5, 7, 20, 20, 3, 2, 8, 20, 6, 1, 0, 20, 20, 20, 20, 20, 20]
[20, 3, 0, 4, 7, 6, 1, 2, 5, 8, 20, 20, 20, 20, 20, 20, 20, 20, 20, 20]
[8, 4, 5, 6, 20, 3, 0, 7, 20, 20, 1, 2, 20, 20, 20, 20, 20, 20, 20, 20]
[20, 0, 2, 5, 7, 6, 1, 3, 4, 8, 20, 20, 20, 20, 20, 20, 20, 20, 20, 20]
[4, 5, 7, 20, 20, 0, 2, 8, 20, 20, 3, 1, 6, 20, 20, 20, 20, 20, 20, 20]
[20, 3, 1, 6, 7, 4, 0, 2, 5, 8, 20, 20, 20, 20, 20, 20, 20, 20, 20, 20]
[4, 5, 6, 8, 20, 3, 1, 7, 20, 20, 0, 2, 20, 20, 20, 20, 20, 20, 20, 20]
[20, 0, 2, 7, 8, 4, 3, 1, 5, 20, 20, 20, 6, 20, 20, 20, 20, 20, 20, 20]
[8, 5, 6, 20, 20, 2, 1, 7, 20, 20, 3, 0, 4, 20, 20, 20, 20, 20, 20, 20]
[20, 4, 20, 5, 7, 20, 20, 3, 2, 8, 20, 20, 0, 1, 6, 20, 20, 20, 20, 20]
[6, 4, 5, 8, 20, 1, 0, 7, 20, 20, 2, 3, 20, 20, 20, 20, 20, 20, 20, 20]
[20, 2, 1, 5, 6, 20, 3, 0, 4, 7, 20, 20, 8, 20, 20, 20, 20, 20, 20, 20]
[20, 8, 20, 4, 5, 20, 20, 0, 3, 7, 20, 6, 1, 2, 20, 20, 20, 20, 20, 20]
[6, 1, 0, 5, 7, 20, 2, 3, 4, 8, 20, 20, 20, 20, 20, 20, 20, 20, 20, 20]
[4, 5, 7, 6, 20, 0, 2, 8, 20, 20, 1, 3, 20, 20, 20, 20, 20, 20, 20, 20]
[20, 8, 20, 5, 6, 20, 20, 2, 1, 7, 20, 20, 0, 3, 4, 20, 20, 20, 20, 20]
[20, 8, 20, 4, 5, 20, 20, 2, 0, 7, 20, 6, 1, 3, 20, 20, 20, 20, 20, 20]
[20, 4, 8, 5, 6, 20, 20, 0, 1, 7, 20, 20, 3, 2, 20, 20, 20, 20, 20, 20]
[20, 8, 20, 4, 5, 20, 20, 2, 3, 7, 20, 20, 0, 1, 6, 20, 20, 20, 20, 20]
[20, 4, 8, 5, 6, 20, 20, 3, 1, 7, 20, 20, 2, 0, 20, 20, 20, 20, 20, 20]
[20, 8, 20, 4, 5, 20, 20, 3, 0, 7, 20, 20, 2, 1, 6, 20, 20, 20, 20, 20]
[8, 4, 5, 20, 20, 3, 0, 7, 20, 20, 2, 1, 6, 20, 20, 20, 20, 20, 20, 20]
[20, 3, 0, 4, 7, 20, 2, 1, 5, 8, 20, 20, 6, 20, 20, 20, 20, 20, 20, 20]
[4, 5, 6, 8, 20, 0, 1, 7, 20, 20, 2, 3, 20, 20, 20, 20, 20, 20, 20, 20]
[20, 4, 8, 5, 6, 20, 20, 0, 1, 7, 20, 20, 2, 3, 20, 20, 20, 20, 20, 20]
[20, 0, 1, 5, 6, 20, 2, 3, 4, 7, 20, 20, 8, 20, 20, 20, 20, 20, 20, 20]
[20, 8, 20, 4, 5, 20, 20, 0, 3, 7, 20, 20, 2, 1, 6, 20, 20, 20, 20, 20]
[20, 0, 3, 4, 7, 20, 2, 1, 5, 8, 20, 20, 6, 20, 20, 20, 20, 20, 20, 20]
[8, 4, 5, 20, 20, 0, 3, 7, 20, 20, 2, 1, 6, 20, 20, 20, 20, 20, 20, 20]
[6, 4, 5, 8, 20, 1, 3, 7, 20, 20, 0, 2, 20, 20, 20, 20, 20, 20, 20, 20]
[20, 6, 8, 4, 5, 20, 20, 1, 3, 7, 20, 20, 0, 2, 20, 20, 20, 20, 20, 20]
[6, 1, 3, 7, 8, 4, 0, 2, 5, 20, 20, 20, 20, 20, 20, 20, 20, 20, 20, 20]
[20, 8, 20, 4, 5, 20, 20, 2, 3, 7, 20, 6, 1, 0, 20, 20, 20, 20, 20, 20]
[8, 4, 5, 6, 20, 2, 3, 7, 20, 20, 1, 0, 20, 20, 20, 20, 20, 20, 20, 20]
[20, 2, 3, 5, 7, 6, 1, 0, 4, 8, 20, 20, 20, 20, 20, 20, 20, 20, 20, 20]
[20, 8, 20, 4, 5, 20, 20, 3, 0, 7, 20, 6, 1, 2, 20, 20, 20, 20, 20, 20]
[20, 4, 20, 5, 7, 20, 20, 0, 2, 8, 20, 20, 3, 1, 6, 20, 20, 20, 20, 20]
[20, 3, 2, 5, 7, 6, 1, 0, 4, 8, 20, 20, 20, 20, 20, 20, 20, 20, 20, 20]
[4, 5, 7, 6, 20, 3, 2, 8, 20, 20, 1, 0, 20, 20, 20, 20, 20, 20, 20, 20]
[20, 4, 8, 5, 6, 20, 20, 3, 1, 7, 20, 20, 0, 2, 20, 20, 20, 20, 20, 20]
[20, 8, 20, 5, 6, 20, 20, 2, 1, 7, 20, 20, 3, 0, 4, 20, 20, 20, 20, 20]
[20, 6, 8, 4, 5, 20, 20, 1, 0, 7, 20, 20, 2, 3, 20, 20, 20, 20, 20, 20]
[4, 5, 7, 20, 20, 3, 2, 8, 20, 20, 0, 1, 6, 20, 20, 20, 20, 20, 20, 20]
[8, 4, 5, 6, 20, 0, 3, 7, 20, 20, 1, 2, 20, 20, 20, 20, 20, 20, 20, 20]
[20, 3, 2, 7, 8, 4, 0, 1, 5, 20, 20, 20, 6, 20, 20, 20, 20, 20, 20, 20]
[20, 0, 3, 4, 7, 6, 1, 2, 5, 8, 20, 20, 20, 20, 20, 20, 20, 20, 20, 20]
[20, 4, 20, 5, 7, 20, 20, 0, 2, 8, 20, 6, 1, 3, 20, 20, 20, 20, 20, 20]
[8, 5, 6, 20, 20, 2, 1, 7, 20, 20, 0, 3, 4, 20, 20, 20, 20, 20, 20, 20]
[20, 2, 1, 5, 6, 20, 0, 3, 4, 7, 20, 20, 8, 20, 20, 20, 20, 20, 20, 20]
[4, 5, 6, 8, 20, 0, 1, 7, 20, 20, 3, 2, 20, 20, 20, 20, 20, 20, 20, 20]
[20, 0, 1, 6, 7, 4, 3, 2, 5, 8, 20, 20, 20, 20, 20, 20, 20, 20, 20, 20]
[8, 4, 5, 20, 20, 2, 3, 7, 20, 20, 0, 1, 6, 20, 20, 20, 20, 20, 20, 20]
[20, 3, 1, 5, 6, 20, 2, 0, 4, 7, 20, 20, 8, 20, 20, 20, 20, 20, 20, 20]
[20, 2, 3, 7, 8, 4, 0, 1, 5, 20, 20, 20, 6, 20, 20, 20, 20, 20, 20, 20]
[4, 5, 6, 8, 20, 3, 1, 7, 20, 20, 2, 0, 20, 20, 20, 20, 20, 20, 20, 20]
