[20, 0, 4, 1, 3, 20, 5, 9, 10, 20, 20, 2, 7, 8, 20, 20, 6, 20, 20, 20]
[20, 1, 3, 0, 4, 20, 20, 10, 9, 5, 20, 2, 7, 8, 20, 20, 6, 20, 20, 20]
[20, 4, 5, 1, 3, 20, 20, 8, 10, 20, 20, 2, 7, 9, 0, 20, 6, 20, 20, 20]
[20, 1, 3, 4, 5, 20, 20, 10, 8, 20, 6, 0, 9, 7, 2, 20, 20, 20, 20, 20]
[20, 0, 5, 1, 2, 20, 6, 9, 7, 4, 20, 20, 8, 10, 3, 20, 20, 20, 20, 20]
[20, 2, 4, 1, 3, 20, 5, 7, 10, 6, 20, 0, 9, 8, 20, 20, 20, 20, 20, 20]
[20, 0, 6, 4, 5, 20, 20, 9, 8, 20, 20, 2, 7, 10, 1, 20, 20, 20, 3, 20]
[20, 5, 6, 1, 2, 20, 20, 8, 7, 4, 20, 3, 10, 9, 0, 20, 20, 20, 20, 20]
[20, 5, 6, 1, 2, 20, 20, 8, 7, 4, 20, 0, 9, 10, 3, 20, 20, 20, 20, 20]
[20, 4, 5, 1, 3, 20, 20, 8, 10, 20, 20, 0, 9, 7, 2, 20, 20, 20, 6, 20]
[20, 1, 2, 0, 4, 20, 6, 7, 9, 5, 20, 20, 8, 10, 3, 20, 20, 20, 20, 20]
[20, 0, 6, 1, 2, 20, 20, 9, 7, 4, 20, 3, 10, 8, 5, 20, 20, 20, 20, 20]
[20, 3, 6, 1, 2, 20, 20, 10, 7, 4, 20, 20, 8, 9, 0, 20, 20, 20, 5, 20]
[20, 0, 4, 1, 3, 20, 5, 9, 10, 20, 20, 20, 8, 7, 2, 20, 20, 20, 6, 20]
[20, 20, 20, 0, 4, 20, 20, 8, 9, 5, 20, 2, 7, 10, 1, 20, 6, 20, 3, 20]
[20, 0, 6, 4, 5, 20, 20, 9, 8, 20, 20, 3, 10, 7, 1, 20, 20, 20, 2, 20]
[20, 1, 2, 0, 4, 20, 6, 7, 9, 5, 20, 3, 10, 8, 20, 20, 20, 20, 20, 20]
[20, 1, 3, 0, 4, 20, 20, 10, 9, 5, 20, 20, 8, 7, 2, 20, 20, 20, 6, 20]
[20, 1, 2, 4, 5, 20, 6, 7, 8, 20, 20, 3, 10, 9, 0, 20, 20, 20, 20, 20]
[20, 2, 4, 1, 3, 20, 5, 7, 10, 6, 20, 20, 8, 9, 0, 20, 20, 20, 20, 20]
[20, 3, 6, 1, 2, 20, 20, 10, 7, 4, 20, 0, 9, 8, 5, 20, 20, 20, 20, 20]
[20, 1, 3, 4, 5, 20, 20, 10, 8, 20, 6, 2, 7, 9, 0, 20, 20, 20, 20, 20]
[20, 20, 20, 0, 4, 20, 20, 8, 9, 5, 20, 3, 10, 7, 1, 20, 20, 20, 2, 6]
[20, 1, 2, 4, 5, 20, 6, 7, 8, 20, 20, 0, 9, 10, 3, 20, 20, 20, 20, 20]
