0410184_169
1 104 143 111 13
0example
0 9 15 9 2
3_17_13
0 17 17 22 0
4gt10-v1_81
2 66 111 84 15
4gt11_82
33 18 21 20 1
4gt11_83
0 14 14 16 0
4gt11_84
0 9 9 11 0
4gt12-v0_86
50 116 215 135 33
4gt12-v0_87
10 112 208 151 32
4gt12-v0_88
3 86 101 109 5
4gt12-v1_89
25 100 163 130 21
4gt13-v1_93
0 30 30 39 0
4gt13_90
22 53 74 65 7
4gt13_91
22 49 70 61 7
4gt13_92
0 30 30 38 0
4gt4-v0_72
31 113 143 137 10
4gt4-v0_73
7 179 281 227 34
4gt4-v0_78
8 109 133 137 8
4gt4-v0_79
2 105 156 139 17
4gt4-v0_80
11 79 94 108 5
4gt4-v1_74
8 119 191 185 24
4gt5_75
0 38 74 47 12
4gt5_76
0 46 76 56 10
4gt5_77
37 58 94 74 12
4mod5-bdd_287
42 31 49 41 6
4mod5-v0_18
2 31 46 40 5
4mod5-v0_19
0 16 16 21 0
4mod5-v0_20
0 10 10 12 0
4mod5-v1_22
0 11 11 12 0
4mod5-v1_23
2 32 47 41 5
4mod5-v1_24
0 16 16 21 0
4mod7-v0_94
25 72 111 102 13
4mod7-v1_96
1 72 129 94 19
4_49_16
5 99 150 145 17
9symml_195
0 15232 33202 25705 5990
adr4_197
0 1498 3508 2526 670
aj-e11_165
9 69 93 86 8
alu-bdd_288
38 38 74 66 12
alu-v0_26
0 38 68 49 10
alu-v0_27
0 17 29 21 4
alu-v1_28
12 18 30 30 4
alu-v1_29
7 17 29 22 4
alu-v2_30
44 223 358 285 45
alu-v2_31
25 198 360 375 54
alu-v2_32
12 72 123 139 17
alu-v2_33
0 17 29 22 4
alu-v3_34
2 24 33 30 3
alu-v3_35
0 18 30 22 4
alu-v4_36
47 51 75 66 8
alu-v4_37
0 18 30 22 4
C17_204
39 205 364 348 53
clip_206
0 14772 35394 23914 6874
cm152a_212
29 532 919 740 129
cm42a_207
21 771 1458 1142 229
cm82a_208
19 283 490 394 69
cm85a_209
0 4986 11661 8022 2225
cnt3-5_179
0 85 103 61 6
cnt3-5_180
30 215 437 230 74
co14_215
0 7840 19030 11797 3730
con1_216
1 415 769 687 118
cycle10_2_110
0 2648 6206 4529 1186
dc1_220
0 833 1454 1224 207
dc2_222
0 4131 8979 6781 1616
decod24-bdd_294
23 32 44 40 4
decod24-enable_126
41 149 275 246 42
decod24-v0_38
0 23 23 30 0
decod24-v1_41
35 38 50 50 4
decod24-v2_43
0 22 22 30 0
decod24-v3_45
1 64 109 98 15
dist_223
0 16624 37816 26481 7064
ex-1_166
0 9 9 12 0
ex1_226
0 5 5 5 0
ex2_227
44 275 452 367 59
ex3_229
0 175 202 226 9
f2_232
4 525 897 850 124
graycode6_47
0 5 5 5 0
ground_state_estimation_10
10 154209 222867 236391 22886
ham15_107
0 3858 9084 5953 1742
ham3_102
0 11 11 13 0
ham7_104
95 149 251 198 34
hwb4_49
1 107 152 134 15
hwb5_53
38 598 1102 932 168
hwb6_56
67 2952 5811 4457 953
hwb7_59
18 10681 21334 17841 3551
hwb8_113
0 30372 70353 57219 13327
hwb9_119
10 90955 180061 149295 29702
inc_237
0 4636 9838 7144 1734
ising_model_10
0 90 90 52 0
ising_model_13
0 120 120 46 0
ising_model_16
1 150 150 57 0
life_238
7 9800 20171 16191 3457
majority_239
122 267 396 357 43
max46_240
3 11844 25479 21268 4545
miller_11
0 23 23 29 0
mini-alu_167
18 126 207 169 27
mini_alu_305
105 77 137 120 20
misex1_241
1 2100 4341 2927 747
mlp4_245
0 8232 18735 13497 3501
mod10_171
2 108 168 139 20
mod10_176
2 78 120 101 14
mod5adder_127
109 239 407 316 56
mod5d1_63
0 13 13 13 0
mod5d2_64
0 25 43 32 6
mod5mils_65
0 16 16 21 0
mod8-10_177
81 196 295 279 33
mod8-10_178
90 152 212 210 20
one-two-three-v0_97
8 128 197 163 23
one-two-three-v0_98
32 65 104 113 13
one-two-three-v1_99
1 59 89 76 10
one-two-three-v2_100
1 32 44 40 4
one-two-three-v3_101
4 32 44 40 4
plus63mod4096_163
15 56329 128962 93515 24211
plus63mod8192_164
4 81865 190819 137964 36318
pm1_249
21 771 1458 1142 229
qft_10
23 90 192 91 34
qft_16
0 240 687 321 149
radd_250
5 1405 2785 2194 460
rd32-v0_66
0 16 16 20 0
rd32-v1_68
0 16 16 21 0
rd32_270
2 36 45 47 3
rd53_130
29 448 748 715 100
rd53_131
34 200 317 274 39
rd53_133
47 256 397 339 47
rd53_135
18 134 221 174 29
rd53_138
64 60 108 87 16
rd53_251
9 564 957 812 131
rd53_311
53 124 268 206 48
rd73_140
88 104 182 143 26
rd73_252
5 2319 4506 3788 729
rd84_142
41 154 328 185 58
rd84_253
17 5960 12959 9299 2333
root_255
21 7493 16607 11694 3038
sao2_257
10 16864 38050 25818 7062
sf_274
61 336 399 439 21
sf_276
11 336 492 474 52
sqn_258
21 4459 8983 7470 1508
sqrt8_260
23 1314 2715 2012 467
squar5_261
10 869 1808 1299 313
square_root_7
13 3089 9695 6673 2202
sym10_262
1 28084 61228 45907 11048
sym6_145
72 1701 3123 2393 474
sym6_316
375 123 240 179 39
sym9_146
8 148 313 173 55
sym9_148
1 9408 16704 14898 2432
sym9_193
2 15232 31930 25372 5566
sys6-v0_111
14 98 176 117 26
urf1_149
52 80878 166465 135143 28529
urf1_278
62 26692 57568 47697 10292
urf2_152
24 35210 71438 65148 12076
urf2_277
2 10066 21556 17557 3830
urf3_155
23 185276 375203 309833 63309
urf3_279
14 60380 129968 104198 23196
urf4_187
3 224028 405027 340237 60333
urf5_158
17 71932 148258 120780 25442
urf5_280
37 23764 49564 42241 8600
urf6_160
5 75180 171873 117360 32231
wim_266
3 427 787 639 120
xor5_254
0 5 5 5 0
z4_268
9 1343 2570 2141 409