0410184_169
1 9 15 7 2
0example
51 9 12 6 1
3_17_13
0 17 17 22 0
4gt10-v1_81
2 66 108 84 14
4gt11_82
33 18 21 20 1
4gt11_83
0 14 14 16 0
4gt11_84
0 9 9 11 0
4gt12-v0_86
61 116 200 184 28
4gt12-v0_87
61 112 193 179 27
4gt12-v0_88
3 86 101 109 5
4gt12-v1_89
6 100 133 141 11
4gt13-v1_93
0 30 30 39 0
4gt13_90
22 53 74 65 7
4gt13_91
22 49 70 61 7
4gt13_92
0 30 30 38 0
4gt4-v0_72
4 113 155 143 14
4gt4-v0_73
2 179 260 227 27
4gt4-v0_78
37 109 145 151 12
4gt4-v0_79
2 105 156 139 17
4gt4-v0_80
11 79 94 108 5
4gt4-v1_74
6 119 170 154 17
4gt5_75
3 38 53 59 5
4gt5_76
15 46 67 56 7
4gt5_77
14 58 94 74 12
4mod5-bdd_287
4 31 40 41 3
4mod5-v0_18
83 31 37 40 2
4mod5-v0_19
0 16 16 21 0
4mod5-v0_20
0 10 10 12 0
4mod5-v1_22
0 11 11 12 0
4mod5-v1_23
2 32 47 41 5
4mod5-v1_24
0 16 16 21 0
4mod7-v0_94
0 72 96 92 8
4mod7-v1_96
1 72 120 94 16
4_49_16
5 99 159 146 20
9symml_195
0 15232 28891 23561 4553
adr4_197
0 1498 3046 2342 516
aj-e11_165
1 69 93 86 8
alu-bdd_288
28 38 50 50 4
alu-v0_26
11 38 59 49 7
alu-v0_27
2 17 23 21 2
alu-v1_28
4 18 24 22 2
alu-v1_29
2 17 29 22 4
alu-v2_30
52 223 346 295 41
alu-v2_31
4 198 324 279 42
alu-v2_32
0 72 117 92 15
alu-v2_33
0 17 29 22 4
alu-v3_34
16 24 30 30 2
alu-v3_35
7 18 24 22 2
alu-v4_36
47 51 87 66 12
alu-v4_37
2 18 24 22 2
C17_204
23 205 283 253 26
clip_206
0 14772 31062 21996 5430
cm152a_212
1 532 841 811 103
cm42a_207
21 771 1317 1096 182
cm82a_208
40 283 406 383 41
cm85a_209
0 4986 11250 7978 2088
cnt3-5_179
1 85 103 61 6
cnt3-5_180
8 215 392 217 59
co14_215
0 7840 17074 10896 3078
con1_216
19 415 673 537 86
cycle10_2_110
0 2648 5405 4405 919
dc1_220
7 833 1511 1317 226
dc2_222
0 4131 8280 6483 1383
decod24-bdd_294
23 32 44 40 4
decod24-enable_126
33 149 233 209 28
decod24-v0_38
0 23 23 30 0
decod24-v1_41
35 38 50 50 4
decod24-v2_43
0 22 22 30 0
decod24-v3_45
1 64 109 86 15
dist_223
0 16624 33493 23915 5623
ex-1_166
0 9 9 12 0
ex1_226
0 5 5 5 0
ex2_227
44 275 419 355 48
ex3_229
0 175 205 226 10
f2_232
35 525 786 816 87
graycode6_47
0 5 5 5 0
ground_state_estimation_10
13 154209 189222 225649 11671
ham15_107
0 3858 7836 5319 1326
ham3_102
0 11 11 13 0
ham7_104
111 149 233 185 28
hwb4_49
0 107 149 134 14
hwb5_53
3 598 1021 863 141
hwb6_56
66 2952 5046 4394 698
hwb7_59
35 10681 18742 16451 2687
hwb8_113
0 30372 62619 52081 10749
hwb9_119
5 90955 159793 139201 22946
inc_237
0 4636 8215 6885 1193
ising_model_10
0 90 90 52 0
ising_model_13
0 120 120 46 0
ising_model_16
1 150 150 57 0
life_238
18 9800 18086 15258 2762
majority_239
37 267 384 344 39
max46_240
4 11844 22263 19090 3473
miller_11
0 23 23 29 0
mini-alu_167
1 126 207 162 27
mini_alu_305
0 77 107 77 10
misex1_241
0 2100 3540 2884 480
mlp4_245
0 8232 16572 12408 2780
mod10_171
0 108 159 139 17
mod10_176
2 78 120 101 14
mod5adder_127
28 239 302 332 21
mod5d1_63
0 13 13 13 0
mod5d2_64
0 25 40 32 5
mod5mils_65
0 16 16 21 0
mod8-10_177
24 196 238 256 14
mod8-10_178
3 152 167 197 5
one-two-three-v0_97
8 128 197 163 23
one-two-three-v0_98
1 65 98 82 11
one-two-three-v1_99
2 59 95 76 12
one-two-three-v2_100
0 32 41 40 3
one-two-three-v3_101
4 32 41 40 3
plus63mod4096_163
23 56329 115606 86076 19759
plus63mod8192_164
5 81865 165931 122433 28022
pm1_249
21 771 1317 1096 182
qft_10
23 90 159 72 23
qft_16
0 240 510 188 90
radd_250
5 1405 2563 2075 386
rd32-v0_66
0 16 16 20 0
rd32-v1_68
0 16 16 21 0
rd32_270
2 36 45 47 3
rd53_130
38 448 715 577 89
rd53_131
55 200 317 284 39
rd53_133
47 256 367 327 37
rd53_135
76 134 218 183 28
rd53_138
40 60 102 74 14
rd53_251
20 564 876 778 104
rd53_311
73 124 202 170 26
rd73_140
87 104 173 101 23
rd73_252
5 2319 4077 3652 586
rd84_142
9 154 301 175 49
rd84_253
9 5960 11507 8606 1849
root_255
5 7493 13877 10524 2128
sao2_257
11 16864 32902 23394 5346
sf_274
0 336 438 458 34
sf_276
39 336 372 435 12
sqn_258
19 4459 8056 6944 1199
sqrt8_260
10 1314 2451 1849 379
squar5_261
20 869 1526 1287 219
square_root_7
30 3089 5525 4571 812
sym10_262
22 28084 53686 42994 8534
sym6_145
5 1701 2652 2482 317
sym6_316
14 123 213 162 30
sym9_146
36 148 262 136 38
sym9_148
3 9408 15003 13562 1865
sym9_193
6 15232 28378 23055 4382
sys6-v0_111
42 98 167 104 23
urf1_149
52 80878 148531 125336 22551
urf1_278
12 26692 50722 42791 8010
urf2_152
23 35210 62753 53986 9181
urf2_277
6 10066 18487 13932 2807
urf3_155
16 185276 337802 292151 50842
urf3_279
16 60380 114377 93476 17999
urf4_187
5 224028 388383 333790 54785
urf5_158
34 71932 132706 113164 20258
urf5_280
29 23764 44731 38676 6989
urf6_160
5 75180 157752 112424 27524
wim_266
20 427 706 588 93
xor5_254
0 5 5 5 0
z4_268
13 1343 2459 2030 372

the  best result