0410184_169
1 9 15 7 2
0example
0 9 15 9 2
3_17_13
0 17 17 22 0
4gt10-v1_81
2 66 111 84 15
4gt11_82
33 18 21 20 1
4gt11_83
0 14 14 16 0
4gt11_84
0 9 9 11 0
4gt12-v0_86
50 116 215 135 33
4gt12-v0_87
10 112 211 154 33
4gt12-v0_88
3 86 101 109 5
4gt12-v1_89
25 100 163 130 21
4gt13-v1_93
0 30 30 39 0
4gt13_90
22 53 74 65 7
4gt13_91
22 49 70 61 7
4gt13_92
0 30 30 38 0
4gt4-v0_72
31 113 143 137 10
4gt4-v0_73
7 179 281 227 34
4gt4-v0_78
8 109 133 137 8
4gt4-v0_79
2 105 156 139 17
4gt4-v0_80
11 79 94 108 5
4gt4-v1_74
8 119 191 185 24
4gt5_75
0 38 74 47 12
4gt5_76
0 46 76 56 10
4gt5_77
37 58 94 74 12
4mod5-bdd_287
42 31 49 41 6
4mod5-v0_18
2 31 46 40 5
4mod5-v0_19
0 16 16 21 0
4mod5-v0_20
0 10 10 12 0
4mod5-v1_22
0 11 11 12 0
4mod5-v1_23
2 32 47 41 5
4mod5-v1_24
0 16 16 21 0
4mod7-v0_94
25 72 111 102 13
4mod7-v1_96
1 72 129 94 19
4_49_16
5 99 150 145 17
9symml_195
0 15232 32656 25463 5808
adr4_197
0 1498 3622 2568 708
aj-e11_165
9 69 93 86 8
alu-bdd_288
38 38 74 66 12
alu-v0_26
0 38 68 49 10
alu-v0_27
0 17 29 21 4
alu-v1_28
12 18 30 30 4
alu-v1_29
7 17 29 22 4
alu-v2_30
44 223 358 285 45
alu-v2_31
25 198 360 375 54
alu-v2_32
12 72 123 139 17
alu-v2_33
0 17 29 22 4
alu-v3_34
2 24 33 30 3
alu-v3_35
0 18 30 22 4
alu-v4_36
47 51 75 66 8
alu-v4_37
0 18 30 22 4
C17_204
39 205 364 348 53
clip_206
0 14772 34623 23672 6617
cm152a_212
0 532 1072 715 180
cm42a_207
21 771 1458 1142 229
cm82a_208
72 283 508 407 75
cm85a_209
0 4986 11607 7997 2207
cnt3-5_179
1 85 103 61 6
cnt3-5_180
30 215 437 230 74
co14_215
0 7840 18760 11668 3640
con1_216
1 415 769 687 118
cycle10_2_110
0 2648 6545 4765 1299
dc1_220
0 833 1454 1224 207
dc2_222
0 4131 9504 6818 1791
decod24-bdd_294
23 32 44 40 4
decod24-enable_126
41 149 275 246 42
decod24-v0_38
0 23 23 30 0
decod24-v1_41
35 38 50 50 4
decod24-v2_43
0 22 22 30 0
decod24-v3_45
1 64 109 98 15
dist_223
0 16624 38890 27050 7422
ex-1_166
0 9 9 12 0
ex1_226
0 5 5 5 0
ex2_227
44 275 452 367 59
ex3_229
0 175 202 226 9
f2_232
4 525 897 850 124
graycode6_47
0 5 5 5 0
ground_state_estimation_10
11 154209 215637 233435 20476
ham15_107
0 3858 8616 5733 1586
ham3_102
0 11 11 13 0
ham7_104
95 149 251 198 34
hwb4_49
1 107 152 134 15
hwb5_53
38 598 1102 932 168
hwb6_56
90 2952 5757 3862 935
hwb7_59
53 10681 21946 18516 3755
hwb8_113
0 30372 70335 56873 13321
hwb9_119
10 90955 178309 148090 29118
inc_237
1 4636 10441 6812 1935
ising_model_10
0 90 90 52 0
ising_model_13
0 120 120 46 0
ising_model_16
1 150 150 57 0
life_238
5 9800 20333 16070 3511
majority_239
122 267 396 357 43
max46_240
3 11844 25143 20897 4433
miller_11
0 23 23 29 0
mini-alu_167
18 126 207 169 27
mini_alu_305
111 77 131 95 18
misex1_241
1 2100 4092 2947 664
mlp4_245
0 8232 19317 12964 3695
mod10_171
2 108 168 139 20
mod10_176
2 78 120 101 14
mod5adder_127
109 239 407 316 56
mod5d1_63
0 13 13 13 0
mod5d2_64
0 25 43 32 6
mod5mils_65
0 16 16 21 0
mod8-10_177
81 196 295 279 33
mod8-10_178
90 152 212 210 20
one-two-three-v0_97
8 128 197 163 23
one-two-three-v0_98
32 65 104 113 13
one-two-three-v1_99
1 59 89 76 10
one-two-three-v2_100
1 32 44 40 4
one-two-three-v3_101
4 32 44 40 4
plus63mod4096_163
6 56329 128131 92209 23934
plus63mod8192_164
1 81865 189844 135920 35993
pm1_249
21 771 1458 1142 229
qft_10
11 90 186 100 32
qft_16
0 240 651 291 137
radd_250
4 1405 2917 2129 504
rd32-v0_66
0 16 16 20 0
rd32-v1_68
0 16 16 21 0
rd32_270
2 36 45 47 3
rd53_130
77 448 742 690 98
rd53_131
34 200 317 274 39
rd53_133
47 256 397 339 47
rd53_135
18 134 221 174 29
rd53_138
64 60 108 87 16
rd53_251
9 564 957 812 131
rd53_311
50 124 265 209 47
rd73_140
88 104 182 143 26
rd73_252
0 2319 4593 3839 758
rd84_142
40 154 319 174 55
rd84_253
11 5960 13352 9446 2464
root_255
8 7493 16031 11530 2846
sao2_257
9 16864 37957 25633 7031
sf_274
61 336 399 439 21
sf_276
11 336 492 474 52
sqn_258
0 4459 8698 7118 1413
sqrt8_260
14 1314 2727 2132 471
squar5_261
10 869 1808 1299 313
square_root_7
25 3089 9593 6514 2168
sym10_262
9 28084 61585 47106 11167
sym6_145
18 1701 2967 2288 422
sym6_316
386 123 243 182 40
sym9_146
8 148 313 173 55
sym9_148
1 9408 18072 15692 2888
sym9_193
12 15232 32074 25218 5614
sys6-v0_111
14 98 176 117 26
urf1_149
53 80878 166162 134726 28428
urf1_278
12 26692 58057 47660 10455
urf2_152
71 35210 71273 52871 12021
urf2_277
9 10066 21442 17336 3792
urf3_155
14 185276 375431 310436 63385
urf3_279
16 60380 129692 104315 23104
urf4_187
7 224028 406506 339664 60826
urf5_158
14 71932 150118 121174 26062
urf5_280
14 23764 49573 42802 8603
urf6_160
5 75180 171393 118785 32071
wim_266
3 427 787 639 120
xor5_254
0 5 5 5 0
z4_268
9 1343 2642 2102 433