0410184_169
1 9 18 12 3
0example
51 9 12 6 1
3_17_13
0 17 17 22 0
4gt10-v1_81
2 66 102 84 12
4gt11_82
28 18 21 20 1
4gt11_83
0 14 14 16 0
4gt11_84
0 9 9 11 0
4gt12-v0_86
0 116 203 138 29
4gt12-v0_87
0 112 190 131 26
4gt12-v0_88
14 86 98 111 4
4gt12-v1_89
8 100 148 130 16
4gt13-v1_93
0 30 30 39 0
4gt13_90
22 53 74 65 7
4gt13_91
22 49 70 61 7
4gt13_92
0 30 30 38 0
4gt4-v0_72
43 113 143 137 10
4gt4-v0_73
36 179 263 244 28
4gt4-v0_78
8 109 148 154 13
4gt4-v0_79
2 105 156 139 17
4gt4-v0_80
11 79 94 108 5
4gt4-v1_74
20 119 173 158 18
4gt5_75
3 38 53 59 5
4gt5_76
15 46 67 56 7
4gt5_77
37 58 94 74 12
4mod5-bdd_287
4 31 40 41 3
4mod5-v0_18
83 31 37 40 2
4mod5-v0_19
0 16 16 21 0
4mod5-v0_20
0 10 10 12 0
4mod5-v1_22
0 11 11 12 0
4mod5-v1_23
83 32 38 41 2
4mod5-v1_24
0 16 16 21 0
4mod7-v0_94
0 72 96 92 8
4mod7-v1_96
32 72 120 111 16
4_49_16
0 99 174 125 25
9symml_195
0 15232 29370 23980 4713
adr4_197
0 1498 3265 2352 589
aj-e11_165
1 69 93 86 8
alu-bdd_288
28 38 50 50 4
alu-v0_26
70 38 62 49 8
alu-v0_27
2 17 23 21 2
alu-v1_28
4 18 24 22 2
alu-v1_29
0 17 23 22 2
alu-v2_30
70 223 301 291 26
alu-v2_31
1 198 342 255 48
alu-v2_32
1 72 117 92 15
alu-v2_33
2 17 23 22 2
alu-v3_34
16 24 30 30 2
alu-v3_35
7 18 24 22 2
alu-v4_36
47 51 78 66 9
alu-v4_37
2 18 24 22 2
C17_204
6 205 286 282 27
clip_206
0 14772 30440 21784 5223
cm152a_212
11 532 874 755 114
cm42a_207
21 771 1329 1136 186
cm82a_208
42 283 439 402 52
cm85a_209
0 4986 11639 9000 2219
cnt3-5_179
1 85 103 61 6
cnt3-5_180
6 215 401 305 62
co14_215
0 7840 17712 11963 3292
con1_216
17 415 703 633 96
cycle10_2_110
0 2648 6297 4891 1217
dc1_220
1 833 1547 1382 238
dc2_222
0 4131 8256 6314 1375
decod24-bdd_294
0 32 38 40 2
decod24-enable_126
24 149 236 211 29
decod24-v0_38
0 23 23 30 0
decod24-v1_41
35 38 50 50 4
decod24-v2_43
0 22 22 30 0
decod24-v3_45
0 64 112 93 16
dist_223
0 16624 35048 25874 6143
ex-1_166
0 9 9 12 0
ex1_226
0 5 5 5 0
ex2_227
74 275 419 386 48
ex3_229
0 175 205 226 10
f2_232
4 525 783 784 86
graycode6_47
0 5 5 5 0
ground_state_estimation_10
10 154209 199907 226368 15233
ham15_107
0 3858 7956 5443 1366
ham3_102
0 11 11 13 0
ham7_104
0 149 224 188 25
hwb4_49
1 107 152 134 15
hwb5_53
10 598 991 889 131
hwb6_56
47 2952 5145 3826 731
hwb7_59
31 10681 18736 16425 2685
hwb8_113
0 30372 71580 60872 13745
hwb9_119
5 90955 160771 140869 23272
inc_237
1 4636 8593 6765 1319
ising_model_10
0 90 90 52 0
ising_model_13
0 120 120 46 0
ising_model_16
1 150 150 57 0
life_238
9 9800 18360 15048 2854
majority_239
40 267 390 344 41
max46_240
23 11844 22599 20136 3585
miller_11
0 23 23 29 0
mini-alu_167
18 126 207 169 27
mini_alu_305
176 77 98 76 7
misex1_241
0 2100 3402 2851 434
mlp4_245
0 8232 18589 13690 3454
mod10_171
2 108 168 139 20
mod10_176
2 78 120 101 14
mod5adder_127
28 239 302 332 21
mod5d1_63
0 13 13 13 0
mod5d2_64
1 25 43 38 6
mod5mils_65
0 16 16 21 0
mod8-10_177
24 196 238 256 14
mod8-10_178
90 152 206 210 18
one-two-three-v0_97
8 128 197 163 23
one-two-three-v0_98
32 65 95 104 10
one-two-three-v1_99
1 59 95 76 12
one-two-three-v2_100
1 32 41 40 3
one-two-three-v3_101
4 32 44 40 4
plus63mod4096_163
17 56329 119450 91171 21046
plus63mod8192_164
3 81865 174741 133599 30970
pm1_249
21 771 1329 1136 186
qft_10
11 90 159 83 23
qft_16
0 240 492 173 84
radd_250
4 1405 2722 2015 439
rd32-v0_66
0 16 16 20 0
rd32-v1_68
0 16 16 21 0
rd32_270
2 36 45 47 3
rd53_130
84 448 721 619 91
rd53_131
55 200 290 277 30
rd53_133
47 256 382 327 42
rd53_135
76 134 212 177 26
rd53_138
42 60 93 67 11
rd53_251
9 564 936 816 124
rd53_311
73 124 202 170 26
rd73_140
27 104 182 149 26
rd73_252
1 2319 3996 3523 559
rd84_142
19 154 286 165 44
rd84_253
12 5960 11600 8625 1880
root_255
18 7493 14715 11517 2408
sao2_257
2 16864 34513 25386 5884
sf_274
70 336 441 460 35
sf_276
39 336 372 435 12
sqn_258
19 4459 7981 6880 1174
sqrt8_260
8 1314 2508 1989 398
squar5_261
2 869 1604 1230 245
square_root_7
24 3089 6563 5105 1158
sym10_262
5 28084 56137 45074 9353
sym6_145
5 1701 2730 2589 343
sym6_316
267 123 207 156 28
sym9_146
14 148 244 173 32
sym9_148
21 9408 15531 14999 2041
sym9_193
22 15232 28653 24094 4474
sys6-v0_111
46 98 173 105 25
urf1_149
47 80878 152218 126179 23780
urf1_278
39 26692 52177 44420 8495
urf2_152
15 35210 65252 54406 10014
urf2_277
12 10066 18904 16029 2946
urf3_155
23 185276 347948 295370 54224
urf3_279
14 60380 115337 95408 18319
urf4_187
20 224028 405873 339916 60617
urf5_158
14 71932 137548 115489 21872
urf5_280
33 23764 46441 39293 7559
urf6_160
5 75180 160303 114035 28375
wim_266
1 427 673 619 82
xor5_254
0 5 5 5 0
z4_268
16 1343 2276 2002 311
time： 0 seconds
0410184_169
1 9 15 7 2
0example
51 9 12 6 1
3_17_13
0 17 17 22 0
4gt10-v1_81
2 66 108 84 14
4gt11_82
33 18 21 20 1
4gt11_83
0 14 14 16 0
4gt11_84
0 9 9 11 0
4gt12-v0_86
61 116 200 184 28
4gt12-v0_87
61 112 193 179 27
4gt12-v0_88
3 86 101 109 5
4gt12-v1_89
6 100 133 141 11
4gt13-v1_93
0 30 30 39 0
4gt13_90
22 53 74 65 7
4gt13_91
22 49 70 61 7
4gt13_92
0 30 30 38 0
4gt4-v0_72
4 113 155 143 14
4gt4-v0_73
2 179 260 227 27
4gt4-v0_78
37 109 145 151 12
4gt4-v0_79
2 105 156 139 17
4gt4-v0_80
11 79 94 108 5
4gt4-v1_74
6 119 170 154 17
4gt5_75
3 38 53 59 5
4gt5_76
15 46 67 56 7
4gt5_77
14 58 94 74 12
4mod5-bdd_287
4 31 40 41 3
4mod5-v0_18
83 31 37 40 2
4mod5-v0_19
0 16 16 21 0
4mod5-v0_20
0 10 10 12 0
4mod5-v1_22
0 11 11 12 0
4mod5-v1_23
2 32 47 41 5
4mod5-v1_24
0 16 16 21 0
4mod7-v0_94
0 72 96 92 8
4mod7-v1_96
1 72 120 94 16
4_49_16
5 99 159 146 20
9symml_195
0 15232 29125 23980 4631
adr4_197
0 1498 3211 2353 571
aj-e11_165
1 69 93 86 8
alu-bdd_288
28 38 50 50 4
alu-v0_26
11 38 59 49 7
alu-v0_27
2 17 23 21 2
alu-v1_28
4 18 24 22 2
alu-v1_29
2 17 29 22 4
alu-v2_30
52 223 346 295 41
alu-v2_31
4 198 324 279 42
alu-v2_32
0 72 117 92 15
alu-v2_33
0 17 29 22 4
alu-v3_34
16 24 30 30 2
alu-v3_35
7 18 24 22 2
alu-v4_36
47 51 87 66 12
alu-v4_37
2 18 24 22 2
C17_204
23 205 283 253 26
clip_206
0 14772 29832 22339 5020
cm152a_212
1 532 841 811 103
cm42a_207
21 771 1317 1096 182
cm82a_208
40 283 406 383 41
cm85a_209
0 4986 10773 8068 1929
cnt3-5_179
1 85 103 61 6
cnt3-5_180
8 215 392 217 59
co14_215
0 7840 16819 10682 2993
con1_216
19 415 673 537 86
cycle10_2_110
0 2648 5432 4067 928
dc1_220
7 833 1511 1317 226
dc2_222
0 4131 8226 6437 1365
decod24-bdd_294
23 32 44 40 4
decod24-enable_126
33 149 233 209 28
decod24-v0_38
0 23 23 30 0
decod24-v1_41
35 38 50 50 4
decod24-v2_43
0 22 22 30 0
decod24-v3_45
1 64 109 86 15
dist_223
0 16624 34408 24023 5928
ex-1_166
0 9 9 12 0
ex1_226
0 5 5 5 0
ex2_227
44 275 419 355 48
ex3_229
0 175 205 226 10
f2_232
35 525 786 816 87
graycode6_47
0 5 5 5 0
ground_state_estimation_10
2 154209 194997 226148 13596
ham15_107
0 3858 7953 5588 1365
ham3_102
0 11 11 13 0
ham7_104
111 149 233 185 28
hwb4_49
0 107 149 134 14
hwb5_53
3 598 1021 863 141
hwb6_56
66 2952 5046 4394 698
hwb7_59
35 10681 18742 16451 2687
hwb8_113
0 30372 62937 52548 10855
hwb9_119
0 90955 159805 139243 22950
inc_237
0 4636 8521 6811 1295
ising_model_10
0 90 90 52 0
ising_model_13
0 120 120 46 0
ising_model_16
1 150 150 57 0
life_238
18 9800 18110 15386 2770
majority_239
37 267 384 344 39
max46_240
4 11844 22350 18918 3502
miller_11
0 23 23 29 0
mini-alu_167
1 126 207 162 27
mini_alu_305
0 77 107 77 10
misex1_241
3 2100 3627 3006 509
mlp4_245
0 8232 17469 13021 3079
mod10_171
0 108 159 139 17
mod10_176
2 78 120 101 14
mod5adder_127
28 239 302 332 21
mod5d1_63
0 13 13 13 0
mod5d2_64
0 25 40 32 5
mod5mils_65
0 16 16 21 0
mod8-10_177
24 196 238 256 14
mod8-10_178
3 152 167 197 5
one-two-three-v0_97
8 128 197 163 23
one-two-three-v0_98
1 65 98 82 11
one-two-three-v1_99
2 59 95 76 12
one-two-three-v2_100
0 32 41 40 3
one-two-three-v3_101
4 32 41 40 3
plus63mod4096_163
19 56329 115189 87602 19620
plus63mod8192_164
3 81865 167296 122840 28477
pm1_249
21 771 1317 1096 182
qft_10
22 90 162 73 24
qft_16
0 240 474 178 78
radd_250
5 1405 2650 2125 415
rd32-v0_66
0 16 16 20 0
rd32-v1_68
0 16 16 21 0
rd32_270
2 36 45 47 3
rd53_130
38 448 715 577 89
rd53_131
55 200 317 284 39
rd53_133
47 256 367 327 37
rd53_135
76 134 218 183 28
rd53_138
40 60 102 74 14
rd53_251
20 564 876 778 104
rd53_311
48 124 208 172 28
rd73_140
87 104 173 101 23
rd73_252
5 2319 3966 3584 549
rd84_142
9 154 301 175 49
rd84_253
14 5960 11558 8807 1866
root_255
3 7493 13913 10194 2140
sao2_257
2 16864 33004 23787 5380
sf_274
0 336 438 458 34
sf_276
39 336 372 435 12
sqn_258
10 4459 7804 6589 1115
sqrt8_260
0 1314 2451 1993 379
squar5_261
20 869 1526 1287 219
square_root_7
30 3089 5525 4571 812
sym10_262
9 28084 53701 42519 8539
sym6_145
5 1701 2652 2482 317
sym6_316
14 123 213 162 30
sym9_146
14 148 244 170 32
sym9_148
3 9408 15003 13562 1865
sym9_193
5 15232 28162 23478 4310
sys6-v0_111
42 98 167 104 23
urf1_149
52 80878 148795 125531 22639
urf1_278
35 26692 49669 42377 7659
urf2_152
15 35210 62090 53465 8960
urf2_277
6 10066 18592 14091 2842
urf3_155
16 185276 337940 292227 50888
urf3_279
12 60380 115463 93868 18361
urf4_187
7 224028 378129 322331 51367
urf5_158
34 71932 131998 112348 20022
urf5_280
26 23764 44404 38306 6880
urf6_160
4 75180 157740 111830 27520
wim_266
20 427 706 588 93
xor5_254
0 5 5 5 0
z4_268
1 1343 2459 2130 372
time： 748 seconds
0410184_169
1 9 15 7 2
0example
51 9 12 6 1
3_17_13
0 17 17 22 0
4gt10-v1_81
2 66 108 84 14
4gt11_82
33 18 21 20 1
4gt11_83
0 14 14 16 0
4gt11_84
0 9 9 11 0
4gt12-v0_86
61 116 200 184 28
4gt12-v0_87
61 112 193 179 27
4gt12-v0_88
3 86 101 109 5
4gt12-v1_89
6 100 133 141 11
4gt13-v1_93
0 30 30 39 0
4gt13_90
22 53 74 65 7
4gt13_91
22 49 70 61 7
4gt13_92
0 30 30 38 0
4gt4-v0_72
4 113 155 143 14
4gt4-v0_73
2 179 260 227 27
4gt4-v0_78
37 109 145 151 12
4gt4-v0_79
2 105 156 139 17
4gt4-v0_80
11 79 94 108 5
4gt4-v1_74
6 119 170 154 17
4gt5_75
3 38 53 59 5
4gt5_76
15 46 67 56 7
4gt5_77
14 58 94 74 12
4mod5-bdd_287
4 31 40 41 3
4mod5-v0_18
83 31 37 40 2
4mod5-v0_19
0 16 16 21 0
4mod5-v0_20
0 10 10 12 0
4mod5-v1_22
0 11 11 12 0
4mod5-v1_23
2 32 47 41 5
4mod5-v1_24
0 16 16 21 0
4mod7-v0_94
0 72 96 92 8
4mod7-v1_96
1 72 120 94 16
4_49_16
5 99 159 146 20
9symml_195
0 15232 29629 24049 4799
adr4_197
0 1498 3028 2278 510
aj-e11_165
1 69 93 86 8
alu-bdd_288
28 38 50 50 4
alu-v0_26
11 38 59 49 7
alu-v0_27
2 17 23 21 2
alu-v1_28
4 18 24 22 2
alu-v1_29
2 17 29 22 4
alu-v2_30
52 223 346 295 41
alu-v2_31
4 198 324 279 42
alu-v2_32
0 72 117 92 15
alu-v2_33
0 17 29 22 4
alu-v3_34
16 24 30 30 2
alu-v3_35
7 18 24 22 2
alu-v4_36
47 51 87 66 12
alu-v4_37
2 18 24 22 2
C17_204
23 205 283 253 26
clip_206
0 14772 30750 21989 5326
cm152a_212
1 532 880 863 116
cm42a_207
21 771 1317 1096 182
cm82a_208
40 283 406 383 41
cm85a_209
0 4986 10923 8051 1979
cnt3-5_179
1 85 103 61 6
cnt3-5_180
8 215 392 217 59
co14_215
0 7840 17472 11196 3211
con1_216
19 415 673 537 86
cycle10_2_110
0 2648 5774 4445 1042
dc1_220
1 833 1382 1305 183
dc2_222
0 4131 8583 6375 1484
decod24-bdd_294
23 32 44 40 4
decod24-enable_126
33 149 233 209 28
decod24-v0_38
0 23 23 30 0
decod24-v1_41
35 38 50 50 4
decod24-v2_43
0 22 22 30 0
decod24-v3_45
1 64 109 86 15
dist_223
0 16624 34533 24961 5970
ex-1_166
0 9 9 12 0
ex1_226
0 5 5 5 0
ex2_227
44 275 419 355 48
ex3_229
0 175 205 226 10
f2_232
35 525 786 816 87
graycode6_47
0 5 5 5 0
ground_state_estimation_10
13 154209 192323 226521 12705
ham15_107
0 3858 7989 5607 1377
ham3_102
0 11 11 13 0
ham7_104
111 149 233 185 28
hwb4_49
0 107 149 134 14
hwb5_53
3 598 1021 863 141
hwb6_56
66 2952 5046 4394 698
hwb7_59
53 10681 18634 16724 2651
hwb8_113
0 30372 61929 52813 10519
hwb9_119
5 90955 158428 139666 22491
inc_237
0 4636 8215 6885 1193
ising_model_10
0 90 90 52 0
ising_model_13
0 120 120 46 0
ising_model_16
1 150 150 57 0
life_238
18 9800 17933 15338 2711
majority_239
37 267 384 344 39
max46_240
7 11844 22056 18545 3404
miller_11
0 23 23 29 0
mini-alu_167
1 126 207 162 27
mini_alu_305
0 77 107 77 10
misex1_241
2 2100 3735 3051 545
mlp4_245
0 8232 17175 12620 2981
mod10_171
0 108 159 139 17
mod10_176
2 78 120 101 14
mod5adder_127
28 239 302 332 21
mod5d1_63
0 13 13 13 0
mod5d2_64
0 25 40 32 5
mod5mils_65
0 16 16 21 0
mod8-10_177
24 196 238 256 14
mod8-10_178
3 152 167 197 5
one-two-three-v0_97
8 128 197 163 23
one-two-three-v0_98
1 65 98 82 11
one-two-three-v1_99
2 59 95 76 12
one-two-three-v2_100
0 32 41 40 3
one-two-three-v3_101
4 32 41 40 3
plus63mod4096_163
5 56329 113626 85617 19099
plus63mod8192_164
3 81865 166009 123197 28048
pm1_249
21 771 1317 1096 182
qft_10
23 90 159 72 23
qft_16
0 240 498 201 86
radd_250
5 1405 2644 2135 413
rd32-v0_66
0 16 16 20 0
rd32-v1_68
0 16 16 21 0
rd32_270
2 36 45 47 3
rd53_130
38 448 715 577 89
rd53_131
55 200 317 284 39
rd53_133
47 256 367 327 37
rd53_135
50 134 215 162 27
rd53_138
40 60 102 74 14
rd53_251
20 564 876 778 104
rd53_311
73 124 202 170 26
rd73_140
87 104 173 101 23
rd73_252
5 2319 4077 3652 586
rd84_142
9 154 301 175 49
rd84_253
14 5960 11558 8807 1866
root_255
19 7493 14330 10868 2279
sao2_257
2 16864 32905 23826 5347
sf_274
0 336 438 458 34
sf_276
39 336 372 435 12
sqn_258
10 4459 7771 6675 1104
sqrt8_260
10 1314 2451 1849 379
squar5_261
20 869 1532 1287 221
square_root_7
30 3089 5525 4571 812
sym10_262
18 28084 54421 43319 8779
sym6_145
5 1701 2652 2482 317
sym6_316
14 123 213 162 30
sym9_146
36 148 262 136 38
sym9_148
3 9408 15003 13562 1865
sym9_193
16 15232 28687 23812 4485
sys6-v0_111
42 98 167 104 23
urf1_149
32 80878 149857 125139 22993
urf1_278
12 26692 49819 42556 7709
urf2_152
39 35210 62183 53373 8991
urf2_277
6 10066 18967 14451 2967
urf3_155
16 185276 336125 289778 50283
urf3_279
16 60380 114272 93981 17964
urf4_187
7 224028 380060 323980 52011
urf5_158
34 71932 133174 113312 20414
urf5_280
29 23764 44872 38845 7036
urf6_160
5 75180 155883 112095 26901
wim_266
20 427 706 588 93
xor5_254
0 5 5 5 0
z4_268
13 1343 2447 2025 368
time： 438 seconds
0410184_169
1 9 15 7 2
0example
51 9 12 6 1
3_17_13
0 17 17 22 0
4gt10-v1_81
2 66 108 84 14
4gt11_82
33 18 21 20 1
4gt11_83
0 14 14 16 0
4gt11_84
0 9 9 11 0
4gt12-v0_86
61 116 200 184 28
4gt12-v0_87
61 112 193 179 27
4gt12-v0_88
3 86 101 109 5
4gt12-v1_89
6 100 133 141 11
4gt13-v1_93
0 30 30 39 0
4gt13_90
22 53 74 65 7
4gt13_91
22 49 70 61 7
4gt13_92
0 30 30 38 0
4gt4-v0_72
4 113 155 143 14
4gt4-v0_73
2 179 260 227 27
4gt4-v0_78
37 109 145 151 12
4gt4-v0_79
2 105 156 139 17
4gt4-v0_80
11 79 94 108 5
4gt4-v1_74
6 119 170 154 17
4gt5_75
3 38 53 59 5
4gt5_76
15 46 67 56 7
4gt5_77
14 58 94 74 12
4mod5-bdd_287
4 31 40 41 3
4mod5-v0_18
83 31 37 40 2
4mod5-v0_19
0 16 16 21 0
4mod5-v0_20
0 10 10 12 0
4mod5-v1_22
0 11 11 12 0
4mod5-v1_23
2 32 47 41 5
4mod5-v1_24
0 16 16 21 0
4mod7-v0_94
0 72 96 92 8
4mod7-v1_96
1 72 120 94 16
4_49_16
5 99 159 146 20
9symml_195
0 15232 29629 24049 4799
adr4_197
0 1498 3028 2278 510
aj-e11_165
1 69 93 86 8
alu-bdd_288
28 38 50 50 4
alu-v0_26
11 38 59 49 7
alu-v0_27
2 17 23 21 2
alu-v1_28
4 18 24 22 2
alu-v1_29
2 17 29 22 4
alu-v2_30
52 223 346 295 41
alu-v2_31
4 198 324 279 42
alu-v2_32
0 72 117 92 15
alu-v2_33
0 17 29 22 4
alu-v3_34
16 24 30 30 2
alu-v3_35
7 18 24 22 2
alu-v4_36
47 51 87 66 12
alu-v4_37
2 18 24 22 2
C17_204
23 205 283 253 26
clip_206
0 14772 30972 22091 5400
cm152a_212
1 532 880 863 116
cm42a_207
21 771 1317 1096 182
cm82a_208
40 283 406 383 41
cm85a_209
0 4986 10464 7822 1826
cnt3-5_179
1 85 103 61 6
cnt3-5_180
8 215 392 217 59
co14_215
0 7840 17650 11056 3270
con1_216
19 415 673 537 86
cycle10_2_110
0 2648 5543 4254 965
dc1_220
3 833 1397 1361 188
dc2_222
0 4131 8349 6434 1406
decod24-bdd_294
23 32 44 40 4
decod24-enable_126
33 149 233 209 28
decod24-v0_38
0 23 23 30 0
decod24-v1_41
35 38 50 50 4
decod24-v2_43
0 22 22 30 0
decod24-v3_45
1 64 109 86 15
dist_223
0 16624 32770 23627 5382
ex-1_166
0 9 9 12 0
ex1_226
0 5 5 5 0
ex2_227
44 275 419 355 48
ex3_229
0 175 205 226 10
f2_232
35 525 786 816 87
graycode6_47
0 5 5 5 0
ground_state_estimation_10
10 154209 193388 225461 13060
ham15_107
0 3858 7896 5538 1346
ham3_102
0 11 11 13 0
ham7_104
111 149 233 185 28
hwb4_49
0 107 149 134 14
hwb5_53
3 598 1021 863 141
hwb6_56
66 2952 5046 4394 698
hwb7_59
53 10681 18634 16724 2651
hwb8_113
0 30372 62001 52061 10543
hwb9_119
5 90955 158428 139666 22491
inc_237
0 4636 8215 6885 1193
ising_model_10
0 90 90 52 0
ising_model_13
0 120 120 46 0
ising_model_16
1 150 150 57 0
life_238
18 9800 17933 15338 2711
majority_239
37 267 384 344 39
max46_240
7 11844 22056 18545 3404
miller_11
0 23 23 29 0
mini-alu_167
1 126 207 162 27
mini_alu_305
0 77 107 77 10
misex1_241
5 2100 3738 3043 546
mlp4_245
0 8232 16440 12343 2736
mod10_171
0 108 159 139 17
mod10_176
2 78 120 101 14
mod5adder_127
28 239 302 332 21
mod5d1_63
0 13 13 13 0
mod5d2_64
0 25 40 32 5
mod5mils_65
0 16 16 21 0
mod8-10_177
24 196 238 256 14
mod8-10_178
3 152 167 197 5
one-two-three-v0_97
8 128 197 163 23
one-two-three-v0_98
1 65 98 82 11
one-two-three-v1_99
2 59 95 76 12
one-two-three-v2_100
0 32 41 40 3
one-two-three-v3_101
4 32 41 40 3
plus63mod4096_163
11 56329 114865 86565 19512
plus63mod8192_164
3 81865 165727 122698 27954
pm1_249
21 771 1317 1096 182
qft_10
23 90 159 72 23
qft_16
0 240 510 188 90
radd_250
5 1405 2644 2135 413
rd32-v0_66
0 16 16 20 0
rd32-v1_68
0 16 16 21 0
rd32_270
2 36 45 47 3
rd53_130
38 448 715 577 89
rd53_131
55 200 317 284 39
rd53_133
47 256 367 327 37
rd53_135
50 134 215 162 27
rd53_138
40 60 102 74 14
rd53_251
20 564 876 778 104
rd53_311
73 124 202 170 26
rd73_140
87 104 173 101 23
rd73_252
5 2319 4077 3652 586
rd84_142
9 154 301 175 49
rd84_253
14 5960 11558 8807 1866
root_255
22 7493 13751 10940 2086
sao2_257
11 16864 33049 23906 5395
sf_274
0 336 438 458 34
sf_276
39 336 372 435 12
sqn_258
10 4459 7771 6675 1104
sqrt8_260
10 1314 2451 1849 379
squar5_261
20 869 1532 1287 221
square_root_7
30 3089 5525 4571 812
sym10_262
18 28084 54946 43150 8954
sym6_145
5 1701 2652 2482 317
sym6_316
14 123 213 162 30
sym9_146
36 148 262 136 38
sym9_148
3 9408 15003 13562 1865
sym9_193
16 15232 28687 23812 4485
sys6-v0_111
42 98 167 104 23
urf1_149
32 80878 149857 125139 22993
urf1_278
12 26692 49819 42556 7709
urf2_152
39 35210 62183 53373 8991
urf2_277
6 10066 18967 14451 2967
urf3_155
16 185276 336125 289778 50283
urf3_279
16 60380 114272 93981 17964
urf4_187
7 224028 380060 323980 52011
urf5_158
34 71932 133174 113312 20414
urf5_280
29 23764 44872 38845 7036
urf6_160
3 75180 158958 112992 27926
wim_266
20 427 706 588 93
xor5_254
0 5 5 5 0
z4_268
13 1343 2447 2025 368
time： 307 seconds
