0example
51 9 12 6 1
3_17_13
0 17 17 22 0
4gt10-v1_81
23 66 105 90 13
4gt11_82
1 18 21 20 1
4gt11_83
0 14 14 16 0
4gt11_84
0 9 9 11 0
4gt12-v0_86
10 116 140 139 8
4gt12-v0_87
10 112 133 135 7
4gt12-v0_88
106 86 110 123 8
4gt12-v1_89
9 100 157 135 19
4gt13-v1_93
0 30 30 39 0
4gt13_90
6 53 74 73 7
4gt13_91
6 49 70 69 7
4gt13_92
0 30 30 38 0
4gt4-v0_72
3 113 155 146 14
4gt4-v0_73
0 179 254 227 25
4gt4-v0_78
0 109 145 137 12
4gt4-v0_79
51 105 153 132 16
4gt4-v0_80
59 79 103 107 8
4gt4-v1_74
8 119 146 168 9
4gt5_75
15 38 53 47 5
4gt5_76
50 46 67 56 7
4gt5_77
9 58 94 74 12
4mod5-bdd_287
2 31 37 43 2
4mod5-v0_18
83 31 37 40 2
4mod5-v0_19
0 16 16 21 0
4mod5-v0_20
0 10 10 12 0
4mod5-v1_22
0 11 11 12 0
4mod5-v1_23
2 32 47 41 5
4mod5-v1_24
0 16 16 21 0
4mod7-v0_94
8 72 96 92 8
4mod7-v1_96
54 72 120 94 16
4_49_16
0 99 159 125 20
9symml_195
0 15232 32452 24569 5740
adr4_197
0 1498 2878 2387 460
aj-e11_165
1 69 93 86 8
alu-bdd_288
45 38 50 48 4
alu-v0_26
0 38 59 49 7
alu-v0_27
17 17 23 21 2
alu-v1_28
7 18 24 22 2
alu-v1_29
0 17 29 22 4
alu-v2_30
19 223 337 292 38
alu-v2_31
11 198 315 255 39
alu-v2_33
0 17 29 22 4
alu-v3_34
16 24 30 30 2
alu-v3_35
2 18 24 22 2
alu-v4_36
38 51 87 66 12
alu-v4_37
17 18 24 22 2
C17_204
3 205 283 255 26
clip_206
0 14772 29280 22009 4836
cm152a_212
4 532 835 745 101
cm42a_207
17 771 1158 1033 129
cm82a_208
59 283 418 396 45
cm85a_209
0 4986 9228 7544 1414
cnt3-5_179
1 85 103 61 6
cnt3-5_180
5 215 356 268 47
co14_215
0 7840 16423 10760 2861
con1_216
2 415 640 553 75
cycle10_2_110
0 2648 5534 4150 962
dc1_220
4 833 1325 1191 164
dc2_222
0 4131 8445 6434 1438
decod24-bdd_294
2 32 41 40 3
decod24-enable_126
19 149 230 198 27
decod24-v0_38
0 23 23 30 0
decod24-v1_41
35 38 50 50 4
decod24-v2_43
0 22 22 30 0
decod24-v3_45
32 64 106 84 14
dist_223
0 16624 32116 24257 5164
ex-1_166
0 9 9 12 0
ex1_226
0 5 5 5 0
ex2_227
28 275 413 404 46
ex3_229
7 175 199 235 8
f2_232
6 525 801 755 92
graycode6_47
0 5 5 5 0
ground_state_estimation_10
4 154209 194610 224947 13467
ham15_107
0 3858 7542 5637 1228
ham3_102
0 11 11 13 0
ham7_104
17 149 239 185 30
hwb4_49
0 107 149 134 14
hwb5_53
20 598 874 822 92
hwb6_56
63 2952 4809 4037 619
hwb7_59
53 10681 17761 16510 2360
hwb8_113
0 30372 60366 52182 9998
hwb9_119
15 90955 156208 138822 21751
inc_237
1 4636 7780 6517 1048
ising_model_13
0 120 120 46 0
ising_model_16
1 150 150 57 0
life_238
22 9800 17579 14800 2593
majority_239
37 267 384 344 39
max46_240
19 11844 21150 18488 3102
miller_11
0 23 23 29 0
mini-alu_167
1 126 207 162 27
mini_alu_305
204 77 110 77 11
misex1_241
0 2100 3174 3071 358
mlp4_245
0 8232 16545 12364 2771
mod10_171
0 108 159 139 17
mod10_176
2 78 120 101 14
mod5adder_127
28 239 302 332 21
mod5d1_63
0 13 13 13 0
mod5d2_64
28 25 37 42 4
mod5mils_65
0 16 16 21 0
mod8-10_177
17 196 238 256 14
mod8-10_178
0 152 167 193 5
one-two-three-v0_97
6 128 191 192 21
one-two-three-v0_98
0 65 98 82 11
one-two-three-v1_99
1 59 92 76 11
one-two-three-v2_100
0 32 41 40 3
one-two-three-v3_101
4 32 41 40 3
plus63mod4096_163
11 56329 109573 86260 17748
plus63mod8192_164
4 81865 161854 127339 26663
pm1_249
17 771 1158 1033 129
qft_10
23 90 159 72 23
qft_16
0 240 471 166 77
radd_250
8 1405 2431 1978 342
rd32-v0_66
0 16 16 20 0
rd32-v1_68
0 16 16 21 0
rd32_270
2 36 45 47 3
rd53_130
38 448 715 577 89
rd53_131
100 200 263 261 21
rd53_133
12 256 373 327 39
rd53_135
22 134 200 162 22
rd53_138
25 60 99 56 13
rd53_251
12 564 786 834 74
rd53_311
38 124 235 166 37
rd73_140
64 104 179 131 25
rd73_252
5 2319 3882 3505 521
rd84_142
24 154 280 174 42
rd84_253
20 5960 11072 8657 1704
root_255
22 7493 13064 10836 1857
sao2_257
14 16864 32092 23607 5076
sf_274
2 336 366 436 10
sf_276
40 336 489 435 51
sqn_258
13 4459 7675 6696 1072
sqrt8_260
21 1314 2448 1897 378
squar5_261
18 869 1412 1161 181
square_root_7
30 3089 5663 4771 858
sym10_262
15 28084 51502 41381 7806
sym6_145
1 1701 2451 2356 250
sym6_316
200 123 219 190 32
sym9_146
31 148 241 154 31
sym9_148
4 9408 14844 13991 1812
sym9_193
3 15232 27391 23006 4053
sys6-v0_111
104 98 152 100 18
urf1_149
56 80878 145684 125733 21602
urf1_278
44 26692 48406 42196 7238
urf2_152
11 35210 60584 52592 8458
urf2_277
3 10066 18184 15550 2706
urf3_155
9 185276 330446 288564 48390
urf3_279
15 60380 111305 92953 16975
urf4_187
21 224028 360417 318149 45463
urf5_158
36 71932 130177 111370 19415
urf5_280
6 23764 42802 37601 6346
urf6_160
1 75180 149313 111246 24711
wim_266
2 427 649 591 74
xor5_254
0 5 5 5 0
z4_268
13 1343 2225 1970 294

0410184_169
1 104 137 127 11
0example
51 9 12 6 1
3_17_13
0 17 17 22 0
4gt11_82
1 18 21 20 1
4gt11_83
0 14 14 16 0
4gt11_84
0 9 9 11 0
4gt12-v0_86
10 116 140 139 8
4gt12-v0_87
10 112 133 135 7
4gt12-v0_88
106 86 110 123 8
4gt12-v1_89
9 100 157 135 19
4gt13-v1_93
0 30 30 39 0
4gt13_90
6 53 74 73 7
4gt13_91
6 49 70 69 7
4gt13_92
0 30 30 38 0
4gt4-v0_72
3 113 155 146 14
4gt4-v0_73
0 179 254 227 25
4gt4-v0_78
0 109 145 137 12
4gt4-v0_79
51 105 153 132 16
4gt4-v0_80
59 79 103 107 8
4gt4-v1_74
8 119 146 168 9
4gt5_75
15 38 53 47 5
4gt5_76
50 46 67 56 7
4gt5_77
9 58 94 74 12
4mod5-bdd_287
2 31 37 43 2
4mod5-v0_18
83 31 37 40 2
4mod5-v0_19
0 16 16 21 0
4mod5-v0_20
0 10 10 12 0
4mod5-v1_22
0 11 11 12 0
4mod5-v1_23
2 32 47 41 5
4mod5-v1_24
0 16 16 21 0
4mod7-v0_94
8 72 96 92 8
4mod7-v1_96
54 72 120 94 16
4_49_16
0 99 159 125 20
9symml_195
0 15232 32452 24569 5740
adr4_197
0 1498 2878 2387 460
aj-e11_165
1 69 93 86 8
alu-bdd_288
45 38 50 48 4
alu-v0_26
0 38 59 49 7
alu-v0_27
17 17 23 21 2
alu-v1_28
7 18 24 22 2
alu-v1_29
0 17 29 22 4
alu-v2_30
19 223 337 292 38
alu-v2_31
11 198 315 255 39
alu-v2_33
0 17 29 22 4
alu-v3_34
16 24 30 30 2
alu-v3_35
2 18 24 22 2
alu-v4_36
38 51 87 66 12
alu-v4_37
17 18 24 22 2
C17_204
3 205 283 255 26
clip_206
0 14772 29280 22009 4836
cm152a_212
4 532 835 745 101
cm42a_207
17 771 1158 1033 129
cm82a_208
59 283 418 396 45
cm85a_209
0 4986 9228 7544 1414
cnt3-5_179
1 85 103 61 6
cnt3-5_180
5 215 356 268 47
co14_215
0 7840 16423 10760 2861
con1_216
2 415 640 553 75
cycle10_2_110
0 2648 5534 4150 962
dc1_220
4 833 1325 1191 164
dc2_222
0 4131 8445 6434 1438
decod24-bdd_294
2 32 41 40 3
decod24-enable_126
19 149 230 198 27
decod24-v0_38
0 23 23 30 0
decod24-v1_41
35 38 50 50 4
decod24-v2_43
0 22 22 30 0
decod24-v3_45
32 64 106 84 14
dist_223
0 16624 32116 24257 5164
ex-1_166
0 9 9 12 0
ex1_226
0 5 5 5 0
ex2_227
28 275 413 404 46
ex3_229
7 175 199 235 8
f2_232
6 525 801 755 92
graycode6_47
0 5 5 5 0
ground_state_estimation_10
4 154209 194610 224947 13467
ham15_107
0 3858 7542 5637 1228
ham3_102
0 11 11 13 0
ham7_104
17 149 239 185 30
hwb4_49
0 107 149 134 14
hwb5_53
20 598 874 822 92
hwb6_56
63 2952 4809 4037 619
hwb7_59
53 10681 17761 16510 2360
hwb8_113
0 30372 60366 52182 9998
hwb9_119
15 90955 156208 138822 21751
inc_237
1 4636 7780 6517 1048
ising_model_13
0 120 120 46 0
ising_model_16
1 150 150 57 0
life_238
22 9800 17579 14800 2593
majority_239
37 267 384 344 39
max46_240
19 11844 21150 18488 3102
miller_11
0 23 23 29 0
mini-alu_167
1 126 207 162 27
mini_alu_305
204 77 110 77 11
misex1_241
0 2100 3174 3071 358
mlp4_245
0 8232 16545 12364 2771
mod10_171
0 108 159 139 17
mod10_176
2 78 120 101 14
mod5adder_127
28 239 302 332 21
mod5d1_63
0 13 13 13 0
mod5d2_64
28 25 37 42 4
mod5mils_65
0 16 16 21 0
mod8-10_177
17 196 238 256 14
mod8-10_178
0 152 167 193 5
one-two-three-v0_97
6 128 191 192 21
one-two-three-v0_98
0 65 98 82 11
one-two-three-v1_99
1 59 92 76 11
one-two-three-v2_100
0 32 41 40 3
one-two-three-v3_101
4 32 41 40 3
plus63mod4096_163
11 56329 109573 86260 17748
plus63mod8192_164
4 81865 161854 127339 26663
pm1_249
17 771 1158 1033 129
qft_10
23 90 159 72 23
qft_16
0 240 471 166 77
radd_250
8 1405 2431 1978 342
rd32-v0_66
0 16 16 20 0
rd32-v1_68
0 16 16 21 0
rd32_270
2 36 45 47 3
rd53_130
38 448 715 577 89
rd53_131
100 200 263 261 21
rd53_133
12 256 373 327 39
rd53_135
22 134 200 162 22
rd53_138
25 60 99 56 13
rd53_251
12 564 786 834 74
rd53_311
38 124 235 166 37
rd73_140
64 104 179 131 25
rd73_252
5 2319 3882 3505 521
rd84_142
24 154 280 174 42
rd84_253
20 5960 11072 8657 1704
root_255
22 7493 13064 10836 1857
sao2_257
14 16864 32092 23607 5076
sf_274
2 336 366 436 10
sf_276
40 336 489 435 51
sqn_258
13 4459 7675 6696 1072
sqrt8_260
21 1314 2448 1897 378
squar5_261
18 869 1412 1161 181
square_root_7
30 3089 5663 4771 858
sym10_262
15 28084 51502 41381 7806
sym6_145
1 1701 2451 2356 250
sym6_316
200 123 219 190 32
sym9_146
31 148 241 154 31
sym9_148
4 9408 14844 13991 1812
sym9_193
3 15232 27391 23006 4053
sys6-v0_111
104 98 152 100 18
urf1_149
56 80878 145684 125733 21602
urf1_278
44 26692 48406 42196 7238
urf2_152
11 35210 60584 52592 8458
urf2_277
3 10066 18184 15550 2706
urf3_155
9 185276 330446 288564 48390
urf3_279
15 60380 111305 92953 16975
urf4_187
21 224028 360417 318149 45463
urf5_158
36 71932 130177 111370 19415
urf5_280
6 23764 42802 37601 6346
urf6_160
1 75180 149313 111246 24711
wim_266
2 427 649 591 74
xor5_254
0 5 5 5 0
z4_268
13 1343 2225 1970 294
time： 509 seconds0410184_169
1 104 137 127 11
0example
51 9 12 6 1
3_17_13
0 17 17 22 0
4gt11_82
1 18 21 20 1
4gt11_83
0 14 14 16 0
4gt11_84
0 9 9 11 0
4gt12-v0_86
10 116 140 139 8
4gt12-v0_87
10 112 133 135 7
4gt12-v0_88
106 86 110 123 8
4gt12-v1_89
9 100 157 135 19
4gt13-v1_93
0 30 30 39 0
4gt13_90
6 53 74 73 7
4gt13_91
6 49 70 69 7
4gt13_92
0 30 30 38 0
4gt4-v0_72
3 113 155 146 14
4gt4-v0_73
0 179 254 227 25
4gt4-v0_78
0 109 145 137 12
4gt4-v0_79
51 105 153 132 16
4gt4-v0_80
59 79 103 107 8
4gt4-v1_74
8 119 146 168 9
4gt5_75
15 38 53 47 5
4gt5_76
50 46 67 56 7
4gt5_77
9 58 94 74 12
4mod5-bdd_287
2 31 37 43 2
4mod5-v0_18
83 31 37 40 2
4mod5-v0_19
0 16 16 21 0
4mod5-v0_20
0 10 10 12 0
4mod5-v1_22
0 11 11 12 0
4mod5-v1_23
2 32 47 41 5
4mod5-v1_24
0 16 16 21 0
4mod7-v0_94
8 72 96 92 8
4mod7-v1_96
54 72 120 94 16
4_49_16
0 99 159 125 20
9symml_195
0 15232 32452 24569 5740
adr4_197
0 1498 2878 2387 460
aj-e11_165
1 69 93 86 8
alu-bdd_288
45 38 50 48 4
alu-v0_26
0 38 59 49 7
alu-v0_27
17 17 23 21 2
alu-v1_28
7 18 24 22 2
alu-v1_29
0 17 29 22 4
alu-v2_30
19 223 337 292 38
alu-v2_31
11 198 315 255 39
alu-v2_33
0 17 29 22 4
alu-v3_34
16 24 30 30 2
alu-v3_35
2 18 24 22 2
alu-v4_36
38 51 87 66 12
alu-v4_37
17 18 24 22 2
C17_204
3 205 283 255 26
clip_206
0 14772 29280 22009 4836
cm152a_212
4 532 835 745 101
cm42a_207
17 771 1158 1033 129
cm82a_208
59 283 418 396 45
cm85a_209
0 4986 9228 7544 1414
cnt3-5_179
1 85 103 61 6
cnt3-5_180
5 215 356 268 47
co14_215
0 7840 16423 10760 2861
con1_216
2 415 640 553 75
cycle10_2_110
0 2648 5534 4150 962
dc1_220
4 833 1325 1191 164
dc2_222
0 4131 8445 6434 1438
decod24-bdd_294
2 32 41 40 3
decod24-enable_126
19 149 230 198 27
decod24-v0_38
0 23 23 30 0
decod24-v1_41
35 38 50 50 4
decod24-v2_43
0 22 22 30 0
decod24-v3_45
32 64 106 84 14
dist_223
0 16624 32116 24257 5164
ex-1_166
0 9 9 12 0
ex1_226
0 5 5 5 0
ex2_227
28 275 413 404 46
ex3_229
7 175 199 235 8
f2_232
6 525 801 755 92
graycode6_47
0 5 5 5 0
0410184_169
1 104 137 127 11
