ex3_229
0: 403 226 0
1: 753 462 50
2: 473 271 10
3: 452 250 7
3_17_13
0: 13 10 0
1: 20 10 1
2: 20 10 1
3: 13 10 0
rd53_311
0: 275 130 0
1: 604 300 47
2: 9999999 9999999 9999999
3: 9999999 9999999 9999999
decod24-bdd_294
0: 73 40 0
1: 136 86 9
2: 122 75 7
3: 87 44 2
4gt13_91
0: 103 61 0
1: 173 108 10
2: 117 70 2
3: 173 108 10
4mod7-v0_94
0: 162 92 0
1: 414 270 36
2: 288 172 18
3: 267 151 15
decod24-v2_43
0: 52 30 0
1: 115 75 9
2: 52 30 0
3: 52 30 0
hwb4_49
0: 233 134 0
1: 499 308 38
2: 352 217 17
3: 345 208 16
cm152a_212
0: 1221 684 0
1: 2397 1423 168
2: 9999999 9999999 9999999
3: 9999999 9999999 9999999
4gt11_83
0: 23 16 0
1: 23 16 0
2: 23 16 0
3: 23 16 0
sym10_262
0: 64283 35572 0
1: 9999999 9999999 9999999
2: 9999999 9999999 9999999
3: 9999999 9999999 9999999
rd53_135
0: 296 159 0
1: 562 331 38
2: 674 380 54
3: 450 266 22
sqn_258
0: 10223 5458 0
1: 9999999 9999999 9999999
2: 9999999 9999999 9999999
3: 17993 10267 1110
rd84_142
0: 343 110 0
1: 693 253 50
2: 9999999 9999999 9999999
3: 714 262 53
one-two-three-v1_99
0: 132 76 0
1: 314 194 26
2: 209 131 11
3: 9999999 9999999 9999999
sym9_193
0: 34881 19235 0
1: 9999999 9999999 9999999
2: 9999999 9999999 9999999
3: 9999999 9999999 9999999
ex1_226
0: 7 5 0
1: 14 10 1
2: 7 5 0
3: 7 5 0
decod24-v1_41
0: 85 50 0
1: 183 120 14
2: 92 55 1
3: 113 65 4
4gt11_84
0: 18 11 0
1: 39 25 3
2: 18 11 0
3: 18 11 0
qft_16
0: 512 61 0
1: 9999999 9999999 9999999
2: 9999999 9999999 9999999
3: 9999999 9999999 9999999
4mod5-v0_19
0: 35 21 0
1: 35 21 0
2: 35 21 0
3: 35 21 0
radd_250
0: 3213 1781 0
1: 6790 3985 511
2: 9999999 9999999 9999999
3: 6132 3512 417
sym9_146
0: 328 127 0
1: 706 309 54
2: 9999999 9999999 9999999
3: 9999999 9999999 9999999
ham3_102
0: 20 13 0
1: 41 28 3
2: 20 13 0
3: 20 13 0
decod24-v3_45
0: 150 84 0
1: 374 244 32
2: 220 121 10
3: 220 130 10
inc_237
0: 10619 5864 0
1: 9999999 9999999 9999999
2: 9999999 9999999 9999999
3: 9999999 9999999 9999999
rd84_253
0: 13658 7261 0
1: 9999999 9999999 9999999
2: 9999999 9999999 9999999
3: 9999999 9999999 9999999
plus63mod4096_163
0: 128744 72246 0
1: 9999999 9999999 9999999
2: 9999999 9999999 9999999
3: 9999999 9999999 9999999
misex1_241
0: 4813 2676 0
1: 9013 5326 600
2: 9006 5236 599
3: 8180 4729 481
mod5d2_64
0: 53 32 0
1: 109 67 8
2: 95 62 6
3: 74 40 3
ground_state_estimation_10
0: 390180 217236 0
1: 9999999 9999999 9999999
2: 9999999 9999999 9999999
3: 9999999 9999999 9999999
alu-v3_35
0: 37 22 0
1: 93 60 8
2: 58 37 3
3: 44 25 1
sqrt8_260
0: 3009 1661 0
1: 6208 3561 457
2: 9999999 9999999 9999999
3: 9999999 9999999 9999999
one-two-three-v3_101
0: 70 40 0
1: 168 95 14
2: 91 55 3
3: 9999999 9999999 9999999
4mod7-v1_96
0: 164 94 0
1: 353 218 27
2: 262 164 14
3: 269 166 15
mod8-10_178
0: 342 193 0
1: 433 243 13
2: 615 366 39
3: 475 288 19
con1_216
0: 954 508 0
1: 2193 1197 177
2: 2263 1323 187
3: 1465 771 73
4gt12-v0_87
0: 247 131 0
1: 562 324 45
2: 261 141 2
3: 268 146 3
alu-bdd_288
0: 84 48 0
1: 196 112 16
2: 154 99 10
3: 105 55 3
mod5mils_65
0: 35 21 0
1: 77 52 6
2: 35 21 0
3: 35 21 0
sym9_148
0: 21504 12087 0
1: 9999999 9999999 9999999
2: 9999999 9999999 9999999
3: 36477 21673 2139
mod5adder_127
0: 555 302 0
1: 1332 817 111
2: 1017 601 66
3: 828 469 39
max46_240
0: 27126 14257 0
1: 9999999 9999999 9999999
2: 9999999 9999999 9999999
3: 9999999 9999999 9999999
one-two-three-v2_100
0: 69 40 0
1: 125 80 8
2: 90 55 3
3: 9999999 9999999 9999999
4gt13_90
0: 107 65 0
1: 198 124 13
2: 128 79 3
3: 184 112 11
4mod5-v1_24
0: 36 21 0
1: 57 36 3
2: 36 21 0
3: 36 21 0
9symml_195
0: 34881 19235 0
1: 9999999 9999999 9999999
2: 9999999 9999999 9999999
3: 9999999 9999999 9999999
4gt5_75
0: 83 47 0
1: 195 127 16
2: 160 102 11
3: 132 75 7
alu-v2_30
0: 504 285 0
1: 1176 734 96
2: 777 446 39
3: 735 400 33
ex-1_166
0: 19 12 0
1: 40 28 3
2: 19 12 0
3: 19 12 0
clip_206
0: 33827 17879 0
1: 9999999 9999999 9999999
2: 9999999 9999999 9999999
3: 9999999 9999999 9999999
rd32-v1_68
0: 36 21 0
1: 78 52 6
2: 36 21 0
3: 36 21 0
alu-v1_28
0: 37 22 0
1: 114 70 11
2: 58 37 3
3: 44 25 1
majority_239
0: 612 344 0
1: 1347 839 105
2: 1018 621 58
3: 808 457 28
C17_204
0: 467 253 0
1: 1160 688 99
2: 992 592 75
3: 642 367 25
cm85a_209
0: 11414 6374 0
1: 9999999 9999999 9999999
2: 9999999 9999999 9999999
3: 22124 13087 1530
alu-v0_27
0: 36 21 0
1: 113 63 11
2: 57 36 3
3: 43 23 1
alu-v3_34
0: 52 30 0
1: 101 63 7
2: 80 50 4
3: 73 43 3
4gt5_76
0: 91 56 0
1: 259 171 24
2: 154 101 9
3: 168 110 11
4gt4-v1_74
0: 273 154 0
1: 532 329 37
2: 399 238 18
3: 392 236 17
pm1_249
0: 1776 940 0
1: 3834 2279 294
2: 9999999 9999999 9999999
3: 9999999 9999999 9999999
aj-e11_165
0: 151 86 0
1: 382 250 33
2: 193 116 6
3: 207 121 8
decod24-v0_38
0: 51 30 0
1: 93 61 6
2: 51 30 0
3: 51 30 0
rd53_130
0: 1043 569 0
1: 2373 1417 190
2: 2317 1390 182
3: 1610 915 81
hwb7_59
0: 24379 13437 0
1: 50433 29601 3722
2: 50293 29541 3702
3: 49229 28520 3550
root_255
0: 17159 8839 0
1: 9999999 9999999 9999999
2: 9999999 9999999 9999999
3: 9999999 9999999 9999999
one-two-three-v0_98
0: 146 82 0
1: 370 234 32
2: 195 117 7
3: 9999999 9999999 9999999
alu-v2_31
0: 451 255 0
1: 1046 650 85
2: 731 449 40
3: 724 445 39
mod5d1_63
0: 22 13 0
1: 29 17 1
2: 22 13 0
3: 22 13 0
rd32_270
0: 84 47 0
1: 126 76 6
2: 112 67 4
3: 105 59 3
hwb5_53
0: 1336 758 0
1: 2547 1560 173
2: 2407 1429 153
3: 1994 1217 94
co14_215
0: 17936 8570 0
1: 9999999 9999999 9999999
2: 9999999 9999999 9999999
3: 9999999 9999999 9999999
mod10_171
0: 244 139 0
1: 517 335 39
2: 503 313 37
3: 398 249 22
qft_10
0: 200 37 0
1: 410 135 30
2: 410 129 30
3: 340 115 20
4gt4-v0_78
0: 235 137 0
1: 571 352 48
2: 291 177 8
3: 298 173 9
rd53_138
0: 132 56 0
1: 293 114 23
2: 244 125 16
3: 209 106 11
rd53_133
0: 580 327 0
1: 1294 777 102
2: 1042 614 66
3: 839 509 37
dist_223
0: 38046 19694 0
1: 9999999 9999999 9999999
2: 9999999 9999999 9999999
3: 9999999 9999999 9999999
decod24-enable_126
0: 338 190 0
1: 758 470 60
2: 681 423 49
3: 513 283 25
hwb8_113
0: 69380 38717 0
1: 9999999 9999999 9999999
2: 9999999 9999999 9999999
3: 133206 78226 9118
4gt4-v0_73
0: 395 227 0
1: 927 586 76
2: 780 486 55
3: 591 367 28
rd53_251
0: 1291 712 0
1: 2901 1767 230
2: 1998 1156 101
3: 1928 1117 91
cm42a_207
0: 1776 940 0
1: 3834 2279 294
2: 9999999 9999999 9999999
3: 9999999 9999999 9999999
sf_274
0: 781 436 0
1: 1355 822 82
2: 1117 626 48
3: 886 501 15
4_49_16
0: 6 5 0
1: 13 10 1
2: 13 9 1
3: 6 5 0
ising_model_16
0: 786 49 0
1: 9999999 9999999 9999999
2: 786 79 0
3: 786 79 0
4gt12-v0_86
0: 251 135 0
1: 587 334 48
2: 272 150 3
3: 307 165 8
squar5_261
0: 1993 1051 0
1: 4023 2309 290
2: 9999999 9999999 9999999
3: 9999999 9999999 9999999
rd32-v0_66
0: 34 20 0
1: 76 51 6
2: 34 20 0
3: 34 20 0
miller_11
0: 50 29 0
1: 113 75 9
2: 50 29 0
3: 50 29 0
4gt13_92
0: 66 38 0
1: 164 103 14
2: 66 38 0
3: 66 38 0
mini_alu_305
0: 173 71 0
1: 369 187 28
2: 9999999 9999999 9999999
3: 9999999 9999999 9999999
rd53_131
0: 469 261 0
1: 1155 677 98
2: 924 548 65
3: 679 403 30
cnt3-5_180
0: 485 209 0
1: 1038 482 79
2: 9999999 9999999 9999999
3: 9999999 9999999 9999999
4mod5-v0_20
0: 20 12 0
1: 48 32 4
2: 20 12 0
3: 20 12 0
alu-v4_36
0: 115 66 0
1: 269 170 22
2: 129 76 2
3: 171 99 8
4gt12-v1_89
0: 228 130 0
1: 494 313 38
2: 557 344 47
3: 9999999 9999999 9999999
sym6_316
0: 270 135 0
1: 662 378 56
2: 9999999 9999999 9999999
3: 9999999 9999999 9999999
ham7_104
0: 320 185 0
1: 796 491 68
2: 495 301 25
3: 495 294 25
4mod5-v1_23
0: 69 41 0
1: 97 55 4
2: 97 61 4
3: 83 49 2
4gt4-v0_80
0: 179 101 0
1: 333 206 22
2: 291 171 16
3: 221 111 6
4mod5-bdd_287
0: 70 41 0
1: 126 71 8
2: 112 71 6
3: 91 48 3
ising_model_10
0: 480 50 0
1: 655 163 25
2: 480 80 0
3: 480 80 0
hwb6_56
0: 6723 3736 0
1: 13086 7773 909
2: 12246 7314 789
3: 11007 6513 612
alu-v1_29
0: 37 22 0
1: 114 64 11
2: 58 37 3
3: 44 27 1
life_238
0: 22445 12511 0
1: 9999999 9999999 9999999
2: 9999999 9999999 9999999
3: 9999999 9999999 9999999
alu-v4_37
0: 37 22 0
1: 93 60 8
2: 58 37 3
3: 44 25 1
cm82a_208
0: 650 340 0
1: 1238 699 84
2: 1273 755 89
3: 902 454 36
f2_232
0: 1206 668 0
1: 2732 1672 218
2: 2347 1448 163
3: 1731 1001 75
square_root_7
0: 7630 3847 0
1: 9999999 9999999 9999999
2: 9999999 9999999 9999999
3: 9999999 9999999 9999999
sao2_257
0: 38577 19563 0
1: 9999999 9999999 9999999
2: 9999999 9999999 9999999
3: 9999999 9999999 9999999
ex2_227
0: 631 355 0
1: 1478 899 121
2: 1023 618 56
3: 876 522 35
4gt12-v0_88
0: 194 108 0
1: 369 222 25
2: 383 236 27
3: 292 173 14
4mod5-v0_18
0: 69 40 0
1: 97 54 4
2: 97 58 4
3: 83 49 2
4gt4-v0_79
0: 231 132 0
1: 567 345 48
2: 287 172 8
3: 378 235 21
mlp4_245
0: 18852 10328 0
1: 9999999 9999999 9999999
2: 9999999 9999999 9999999
3: 9999999 9999999 9999999
ham15_107
0: 8763 4819 0
1: 9999999 9999999 9999999
2: 9999999 9999999 9999999
3: 9999999 9999999 9999999
4gt4-v0_72
0: 258 137 0
1: 489 297 33
2: 475 270 31
3: 328 187 10
urf1_149
0: 184864 99586 0
1: 9999999 9999999 9999999
2: 9999999 9999999 9999999
3: 9999999 9999999 9999999
4gt11_82
0: 27 20 0
1: 34 25 1
2: 34 25 1
3: 34 25 1
mini-alu_167
0: 288 162 0
1: 631 400 49
2: 547 329 37
3: 484 292 28
mod8-10_177
0: 440 251 0
1: 846 525 58
2: 951 579 73
3: 538 311 14
cycle10_2_110
0: 6050 3386 0
1: 12777 7467 961
2: 9999999 9999999 9999999
3: 11272 6569 746
dc2_222
0: 9462 5242 0
1: 9999999 9999999 9999999
2: 9999999 9999999 9999999
3: 9999999 9999999 9999999
rd73_140
0: 230 92 0
1: 475 185 35
2: 9999999 9999999 9999999
3: 9999999 9999999 9999999
alu-v2_32
0: 163 92 0
1: 352 215 27
2: 268 167 15
3: 268 161 15
4mod5-v1_22
0: 21 12 0
1: 56 37 5
2: 21 12 0
3: 21 12 0
adr4_197
0: 3439 1839 0
1: 9999999 9999999 9999999
2: 9999999 9999999 9999999
3: 6316 3528 411
sf_276
0: 778 435 0
1: 1744 1096 138
2: 904 515 18
3: 1142 660 52
4gt10-v1_81
0: 148 84 0
1: 344 210 28
2: 204 123 8
3: 225 128 11
one-two-three-v0_97
0: 290 163 0
1: 738 443 64
2: 381 228 13
3: 9999999 9999999 9999999
4gt13-v1_93
0: 68 39 0
1: 159 102 13
2: 68 39 0
3: 68 39 0
dc1_220
0: 1914 1039 0
1: 3979 2317 295
2: 9999999 9999999 9999999
3: 9999999 9999999 9999999
alu-v0_26
0: 84 49 0
1: 175 108 13
2: 175 110 13
3: 147 93 9
ising_model_13
0: 633 52 0
1: 696 111 9
2: 633 82 0
3: 633 82 0
mod10_176
0: 178 101 0
1: 444 274 38
2: 213 124 5
3: 290 181 16
4gt5_77
0: 131 74 0
1: 271 170 20
2: 187 102 8
3: 208 120 11
cnt3-5_179
0: 175 61 0
1: 420 166 35
2: 203 81 4
3: 9999999 9999999 9999999
medium
4mod7-v0_94
initial: 162 92 0
main_Zulehner: 414 270 36
main_FY: 288 172 18
main_GQL: 267 151 15
4mod7-v1_96
initial: 164 94 0
main_Zulehner: 353 218 27
main_FY: 262 164 14
main_GQL: 269 166 15
4_49_16
initial: 217 125 0
main_Zulehner: 497 320 40
main_FY: 399 249 26
main_GQL: 336 199 17
aj-e11_165
initial: 151 86 0
main_Zulehner: 382 250 33
main_FY: 193 116 6
main_GQL: 207 121 8
alu-v2_30
initial: 504 285 0
main_Zulehner: 1176 734 96
main_FY: 777 446 39
main_GQL: 735 400 33
alu-v2_31
initial: 451 255 0
main_Zulehner: 1046 650 85
main_FY: 731 449 40
main_GQL: 724 445 39
alu-v2_32
initial: 163 92 0
main_Zulehner: 352 215 27
main_FY: 268 167 15
main_GQL: 275 172 16
alu-v4_36
initial: 115 66 0
main_Zulehner: 269 170 22
main_FY: 129 76 2
main_GQL: 164 99 7
C17_204
initial: 467 253 0
main_Zulehner: 1160 688 99
main_FY: 992 592 75
main_GQL: 642 367 25
cm152a_212
initial: 1221 684 0
main_Zulehner: 2397 1423 168
main_GQL: 2068 1252 121
cm42a_207
initial: 1776 940 0
main_Zulehner: 3834 2279 294
main_GQL: 3001 1707 175
cm82a_208
initial: 650 340 0
main_Zulehner: 1238 699 84
main_FY: 1273 755 89
main_GQL: 944 532 42
cnt3-5_179
initial: 175 61 0
main_Zulehner: 420 166 35
main_FY: 203 81 4
main_GQL: 99999999 99999999 99999999
cnt3-5_180
initial: 485 209 0
main_Zulehner: 99999999 99999999 99999999
main_GQL: 870 428 55
con1_216
initial: 954 508 0
main_Zulehner: 2193 1197 177
main_FY: 2263 1323 187
main_GQL: 1465 771 73
decod24-enable_126
initial: 338 190 0
main_Zulehner: 758 470 60
main_FY: 681 423 49
main_GQL: 506 283 24
decod24-v3_45
initial: 150 84 0
main_Zulehner: 374 244 32
main_FY: 220 121 10
main_GQL: 220 130 10
ex2_227
initial: 631 355 0
main_Zulehner: 1478 899 121
main_FY: 1023 618 56
main_GQL: 876 517 35
ex3_229
initial: 403 226 0
main_Zulehner: 753 462 50
main_FY: 473 271 10
main_GQL: 452 250 7
f2_232
initial: 1206 668 0
main_Zulehner: 2732 1672 218
main_FY: 9999999 9999999 9999999
main_GQL: 1724 994 74
ham7_104
initial: 320 185 0
main_Zulehner: 796 491 68
main_FY: 495 301 25
main_GQL: 488 294 24
hwb4_49
initial: 233 134 0
main_Zulehner: 499 308 38
main_FY: 352 217 17
main_GQL: 345 208 16
hwb5_53
initial: 1336 758 0
main_Zulehner: 2547 1560 173
main_FY: 2407 1429 153
main_GQL: 1994 1217 94
ising_model_10
initial: 480 52 0
main_Zulehner: 515 107 5
main_FY: 480 82 0
main_GQL: 480 82 0
ising_model_13
initial: 633 46 0
main_Zulehner: 99999999 99999999 99999999
main_FY: 633 76 0
main_GQL: 633 76 0
ising_model_16
initial: 786 57 0
main_Zulehner: 99999999 99999999 99999999
main_FY: 786 87 0
main_GQL: 786 87 0
majority_239
initial: 612 344 0
main_Zulehner: 1347 839 105
main_FY: 1018 621 58
main_GQL: 808 457 28
mini-alu_167
initial: 288 162 0
main_Zulehner: 631 400 49
main_FY: 547 329 37
main_GQL: 484 292 28
mini_alu_305
initial: 173 71 0
main_Zulehner: 369 187 28
main_GQL: 264 99 13
mod10_171
initial: 244 139 0
main_Zulehner: 517 335 39
main_FY: 503 313 37
main_GQL: 398 249 22
mod10_176
initial: 178 101 0
main_Zulehner: 444 274 38
main_FY: 213 124 5
main_GQL: 290 166 16
mod5adder_127
initial: 555 302 0
main_Zulehner: 1332 817 111
main_FY: 1017 601 66
main_GQL: 828 469 39
mod8-10_177
initial: 440 251 0
main_Zulehner: 846 525 58
main_FY: 951 579 73
main_GQL: 545 316 15
mod8-10_178
initial: 342 193 0
main_Zulehner: 433 243 13
main_FY: 615 366 39
main_GQL: 475 288 19
one-two-three-v0_97
initial: 290 163 0
main_Zulehner: 738 443 64
main_FY: 381 228 13
main_GQL: 479 298 27
one-two-three-v0_98
initial: 146 82 0
main_Zulehner: 370 234 32
main_FY: 195 117 7
main_GQL: 237 131 13
one-two-three-v1_99
initial: 132 76 0
main_Zulehner: 314 194 26
main_FY: 209 131 11
main_GQL: 223 141 13
pm1_249
initial: 1776 940 0
main_Zulehner: 3834 2279 294
main_GQL: 3001 1707 175
qft_10
initial: 200 37 0
main_Zulehner: 99999999 99999999 99999999
main_FY: 410 129 30
main_GQL: 382 125 26
qft_16
initial: 512 61 0
main_Zulehner: 99999999 99999999 99999999
main_FY: 9999999 9999999 9999999
main_GQL: 99999999 99999999 99999999
rd53_130
initial: 1043 569 0
main_Zulehner: 2373 1417 190
main_FY: 2317 1390 182
main_GQL: 1610 915 81
rd53_131
initial: 469 261 0
main_Zulehner: 1155 677 98
main_FY: 924 548 65
main_GQL: 672 398 29
rd53_133
initial: 580 327 0
main_Zulehner: 1294 777 102
main_FY: 1042 614 66
main_GQL: 839 510 37
rd53_135
initial: 296 159 0
main_Zulehner: 562 331 38
main_FY: 674 380 54
main_GQL: 450 266 22
rd53_138
initial: 132 56 0
main_Zulehner: 293 114 23
main_FY: 244 125 16
main_GQL: 209 106 11
rd53_251
initial: 1291 712 0
main_Zulehner: 2901 1767 230
main_FY: 1998 1156 101
main_GQL: 1886 1106 85
rd53_311
initial: 275 130 0
main_Zulehner: 99999999 99999999 99999999
main_GQL: 513 230 34
rd73_140
initial: 230 92 0
main_Zulehner: 475 185 35
main_GQL: 405 197 25
rd84_142
initial: 343 110 0
main_Zulehner: 99999999 99999999 99999999
main_FY: 9999999 9999999 9999999
main_GQL: 784 290 63
sf_274
initial: 781 436 0
main_Zulehner: 1355 822 82
main_FY: 1117 626 48
main_GQL: 886 501 15
sf_276
initial: 778 435 0
main_Zulehner: 1744 1096 138
main_FY: 904 515 18
main_GQL: 960 555 26
sym6_316
initial: 270 135 0
main_Zulehner: 662 378 56
main_GQL: 410 219 20
sym9_146
initial: 328 127 0
main_Zulehner: 706 309 54
main_GQL: 629 302 43
sys6-v0_111
initial: 215 75 0
main_Zulehner: 481 188 38
main_FY: 439 180 32
main_GQL: 355 148 20
wim_266
initial: 986 514 0
main_Zulehner: 2015 1180 147
main_GQL: 1497 815 73
4mod7-v0_94
initial: 162 92 0
main_Zulehner: 414 270 36
main_FY: 288 172 18
0example
initial: 9 6 0
main_Zulehner: 18 15 3
main_FY: 9999999 9999999 9999999
main_GQL: 12 7 1
main_FY: 9999999 9999999 9999999
