0410184_169
1 9 15 7 2
0example
0 9 15 9 2
3_17_13
0 17 17 22 0
4gt10-v1_81
2 66 111 84 15
4gt11_82
33 18 21 20 1
4gt11_83
0 14 14 16 0
4gt11_84
0 9 9 11 0
4gt12-v0_88
3 86 101 109 5
4gt13-v1_93
0 30 30 39 0
4gt13_90
22 53 74 65 7
4gt13_91
22 49 70 61 7
4gt13_92
0 30 30 38 0
4gt4-v0_80
11 79 94 108 5
4gt5_75
2 38 71 68 11
4gt5_76
0 46 76 56 10
4gt5_77
37 58 94 74 12
4mod5-bdd_287
3 31 55 44 8
4mod5-v0_18
0 31 46 40 5
4mod5-v0_19
0 16 16 21 0
4mod5-v0_20
0 10 10 12 0
4mod5-v1_22
0 11 11 12 0
4mod5-v1_23
0 32 47 41 5
4mod5-v1_24
0 16 16 21 0
4mod7-v0_94
0 72 114 92 14
4mod7-v1_96
61 72 126 128 18
4_49_16
0 99 150 125 17
aj-e11_165
1 69 93 86 8
alu-bdd_288
115 38 59 56 7
alu-v0_26
8 38 74 49 12
alu-v0_27
0 17 29 21 4
alu-v1_28
4 18 24 22 2
alu-v1_29
2 17 29 22 4
alu-v2_32
12 72 123 139 17
alu-v2_33
0 17 29 22 4
alu-v3_34
2 24 33 30 3
alu-v3_35
0 18 30 22 4
alu-v4_36
47 51 75 66 8
alu-v4_37
0 18 30 22 4
cnt3-5_179
1 85 103 61 6
decod24-bdd_294
8 32 47 51 5
decod24-v0_38
0 23 23 30 0
decod24-v1_41
35 38 50 50 4
decod24-v2_43
0 22 22 30 0
decod24-v3_45
1 64 109 98 15
ex-1_166
0 9 9 12 0
ex1_226
0 5 5 5 0
graycode6_47
0 5 5 5 0
ham3_102
0 11 11 13 0
ising_model_10
0 90 90 52 0
miller_11
0 23 23 29 0
mini_alu_305
66 77 113 82 12
mod10_176
2 78 120 101 14
mod5d1_63
0 13 13 13 0
mod5d2_64
0 25 40 32 5
mod5mils_65
0 16 16 21 0
one-two-three-v0_98
4 65 107 94 14
one-two-three-v1_99
1 59 89 76 10
one-two-three-v2_100
0 32 41 40 3
one-two-three-v3_101
4 32 44 40 4
qft_10
1 90 168 91 26
rd32-v0_66
0 16 16 20 0
rd32-v1_68
0 16 16 21 0
rd32_270
2 36 45 47 3
rd53_138
114 60 99 63 13
sys6-v0_111
54 98 164 116 22
xor5_254
0 5 5 5 0
4gt12-v0_86
2 116 206 135 30
4gt12-v0_87
2 112 199 131 29
4gt12-v1_89
8 100 151 130 17
4gt4-v0_72
31 113 143 137 10
4gt4-v0_73
3 179 299 242 40
4gt4-v0_78
8 109 133 139 8
4gt4-v0_79
2 105 156 139 17
4gt4-v1_74
8 119 191 185 24
alu-v2_30
70 223 355 312 44
alu-v2_31
11 198 357 255 53
C17_204
48 205 370 253 55
cm152a_212
33 532 976 810 148
cm42a_207
7 771 1431 1127 220
cm82a_208
16 283 508 359 75
cnt3-5_180
18 215 419 263 68
con1_216
0 415 712 555 99
dc1_220
6 833 1499 1248 222
decod24-enable_126
33 149 242 199 31
ex2_227
92 275 413 358 46
ex3_229
0 175 202 226 9
f2_232
29 525 879 774 118
ham7_104
25 149 242 185 31
hwb4_49
1 107 152 134 15
hwb5_53
7 598 1114 758 172
ising_model_13
0 120 120 46 0
ising_model_16
1 150 150 57 0
majority_239
122 267 396 357 43
mini-alu_167
18 126 207 169 27
mod10_171
2 108 168 139 20
mod5adder_127
109 239 332 310 31
mod8-10_177
81 196 289 279 31
mod8-10_178
33 152 206 206 18
one-two-three-v0_97
8 128 197 163 23
pm1_249
7 771 1431 1127 220
qft_16
0 240 561 211 107
rd53_130
84 448 721 666 91
rd53_131
110 200 329 285 43
rd53_133
47 256 397 339 47
rd53_135
39 134 221 162 29
rd53_251
19 564 1059 909 165
rd53_311
66 124 205 161 27
rd73_140
2 104 191 138 29
rd84_142
40 154 310 167 52
sf_274
61 336 399 439 21
sf_276
61 336 462 452 42
squar5_261
14 869 1649 1282 260
sym6_316
10 123 234 158 37
sym9_146
11 148 310 166 54
wim_266
3 427 820 629 131
9symml_195
0 15232 31525 25382 5431
adr4_197
0 1498 3370 2402 624
clip_206
0 14772 33966 22880 6398
cm85a_209
0 4986 11445 8228 2153
co14_215
0 7840 18235 11818 3465
cycle10_2_110
0 2648 5909 4614 1087
dc2_222
0 4131 9099 6785 1656
dist_223
0 16624 37456 25859 6944
ground_state_estimation_10
14 154209 214932 234371 20241
ham15_107
0 3858 8529 5566 1557
hwb6_56
79 2952 5397 3894 815
hwb7_59
65 10681 20671 17675 3330
hwb8_113
0 30372 77148 59674 15592
hwb9_119
5 90955 176800 146696 28615
inc_237
1 4636 9811 7378 1725
life_238
0 9800 20129 15968 3443
max46_240
17 11844 24432 20223 4196
misex1_241
4 2100 3969 3076 623
mlp4_245
0 8232 18687 12988 3485
plus63mod4096_163
21 56329 124489 90575 22720
plus63mod8192_164
4 81865 182437 129780 33524
radd_250
2 1405 2770 2069 455
rd73_252
0 2319 4353 3841 678
rd84_253
2 5960 12575 9361 2205
root_255
13 7493 15929 11252 2812
sao2_257
16 16864 37018 25659 6718
sqn_258
19 4459 8755 7288 1432
sqrt8_260
14 1314 2643 1964 443
square_root_7
17 3089 5327 4420 746
sym10_262
13 28084 59752 45637 10556
sym6_145
52 1701 2892 2229 397
sym9_148
21 9408 16044 14498 2212
sym9_193
2 15232 31282 24539 5350
urf1_149
36 80878 163822 132150 27648
urf1_278
18 26692 55429 45969 9579
urf2_152
69 35210 69269 63533 11353
urf2_277
2 10066 20182 16622 3372
urf3_155
10 185276 365228 305411 59984
urf3_279
16 60380 124523 99343 21381
urf4_187
7 224028 400692 342281 58888
urf5_158
33 71932 144493 118580 24187
urf5_280
29 23764 48355 40414 8197
urf6_160
5 75180 169137 117268 31319
z4_268
20 1343 2651 2115 436